Auto-generated genotype output.
1
2
3
4
5
6
7
8
9
10
11
12
13
14
15
16
17
18
19
20
21
22
23
24
25
26
27
28
29
30
31
32
33
34
35
36
37
38
39
40
41
42
43
44
45
46
47
48
49
50
51
52
53
54
55
56
57
58
59
60
61
62
63
64
65
66
67
68
69
70
71
72
73
74
75
76
77
78
79
80
Pop
1, 0104 0104 0104 0101 0104 0404 0401 0202 0204 0201 0301 0101 0104 0304 0201 0403 0204 0101 0203 0104 0303 0403 0404 0404 0302 0304 0403 0203 0202 0203 0203 0302 0202 0304 0101 0204 0101 0202 0202 0202 0203 0204 0403 0402 0103 0202 0403 0202 0104 0301 0202 0101 0102 0303 0301 0401 0203 0403 0403 0401 0204 0202 0204 0403 0104 0104 0302 0102 0304 0204 0101 0104 0404 0404 0203 0101 0404 0203 0404 0204 
2, 0401 0303 0102 0201 0201 0404 0102 0202 0404 0201 0304 0304 0402 0303 0303 0203 0302 0304 0104 0301 0303 0303 0104 0403 0202 0202 0102 0402 0402 0101 0201 0103 0203 0103 0402 0303 0101 0404 0201 0102 0202 0403 0403 0403 0303 0403 0402 0202 0102 0401 0302 0301 0203 0401 0202 0304 0401 0403 0404 0203 0302 0102 0303 0304 0103 0404 0303 0102 0202 0102 0102 0102 0301 0402 0102 0201 0403 0201 0402 0204 
3, 0403 0101 0301 0103 0102 0301 0404 0203 0403 0102 0301 0104 0403 0101 0104 0302 0204 0403 0203 0303 0403 0301 0302 0301 0201 0203 0302 0404 0204 0202 0303 0104 0302 0101 0101 0404 0101 0101 0202 0101 0204 0202 0401 0304 0203 0202 0402 0202 0104 0103 0202 0203 0304 0401 0301 0401 0104 0401 0104 0401 0402 0302 0102 0101 0302 0404 0304 0102 0404 0202 0104 0103 0203 0104 0303 0204 0303 0302 0404 0204 
4, 0203 0302 0101 0304 0204 0203 0304 0302 0103 0101 0403 0401 0201 0404 0402 0203 0204 0301 0303 0302 0203 0404 0404 0402 0203 0202 0201 0303 0301 0403 0201 0403 0402 0302 0402 0103 0402 0404 0403 0402 0303 0201 0303 0301 0101 0302 0201 0304 0301 0304 0304 0102 0102 0301 0101 0104 0301 0303 0102 0304 0103 0402 0201 0304 0101 0304 0403 0404 0101 0303 0402 0303 0401 0101 0103 0303 0203 0104 0104 0104 
5, 0102 0103 0102 0102 0101 0404 0403 0104 0404 0402 0404 0101 0202 0304 0103 0301 0202 0101 0401 0102 0303 0303 0401 0303 0202 0102 0203 0403 0104 0102 0203 0104 0402 0102 0202 0404 0102 0201 0202 0201 0202 0202 0104 0402 0403 0302 0302 0102 0104 0101 0402 0204 0103 0301 0302 0403 0301 0304 0401 0403 0101 0104 0101 0303 0201 0403 0301 0102 0301 0203 0101 0402 0402 0401 0102 0101 0204 0101 0204 0402 
6, 0101 0303 0301 0402 0102 0304 0404 0302 0101 0102 0101 0104 0303 0304 0403 0302 0203 0202 0401 0301 0302 0103 0204 0403 0103 0404 0403 0204 0301 0201 0401 0303 0202 0301 0103 0204 0101 0403 0202 0304 0203 0103 0303 0404 0401 0304 0402 0402 0303 0402 0102 0201 0301 0304 0302 0402 0101 0303 0204 0103 0103 0304 0303 0304 0401 0404 0303 0102 0301 0303 0101 0303 0103 0403 0303 0102 0404 0104 0104 0203 
7, 0402 0102 0404 0201 0303 0403 0104 0204 0304 0101 0101 0303 0404 0303 0403 0402 0401 0104 0304 0304 0101 0201 0102 0404 0203 0201 0304 0404 0101 0102 0101 0103 0302 0103 0101 0201 0101 0201 0204 0402 0101 0102 0403 0402 0301 0102 0403 0402 0301 0204 0303 0101 0104 0201 0303 0404 0302 0302 0101 0102 0304 0302 0401 0302 0402 0402 0201 0202 0404 0403 0104 0104 0403 0104 0304 0103 0304 0203 0404 0403 
8, 0401 0102 0202 0102 0203 0304 0401 0202 0202 0201 0304 0204 0202 0301 0102 0402 0204 0402 0404 0104 0402 0101 0301 0404 0301 0201 0202 0203 0301 0104 0102 0101 0304 0404 0104 0404 0101 0401 0202 0204 0102 0204 0404 0404 0304 0402 0304 0204 0101 0103 0202 0104 0304 0203 0103 0104 0203 0403 0303 0401 0401 0202 0204 0302 0301 0404 0301 0304 0102 0302 0102 0201 0103 0401 0303 0301 0102 0302 0401 0403 
9, 0101 0301 0102 0302 0302 0401 0301 0103 0401 0104 0204 0204 0204 0302 0103 0303 0203 0102 0202 0104 0101 0304 0104 0404 0301 0404 0401 0404 0402 0303 0103 0103 0102 0401 0301 0304 0401 0104 0303 0204 0202 0203 0401 0304 0104 0202 0103 0103 0401 0104 0202 0302 0101 0402 0102 0204 0101 0203 0404 0404 0301 0202 0401 0204 0202 0404 0203 0104 0101 0301 0102 0201 0404 0204 0303 0404 0402 0203 0404 0103 
10, 0103 0204 0103 0404 0204 0401 0204 0103 0403 0101 0201 0401 0403 0404 0302 0101 0404 0401 0401 0204 0103 0303 0104 0401 0404 0201 0302 0403 0203 0101 0101 0103 0202 0401 0101 0103 0303 0201 0201 0202 0302 0302 0301 0303 0201 0404 0302 0204 0401 0104 0202 0303 0402 0301 0403 0401 0101 0202 0104 0201 0203 0202 0403 0204 0201 0404 0202 0302 0103 0302 0201 0201 0201 0404 0303 0203 0403 0404 0304 0404 
11, 0101 0101 0102 0402 0103 0404 0201 0104 0403 0204 0101 0301 0201 0304 0301 0402 0304 0401 0203 0303 0102 0202 0202 0301 0202 0202 0104 0401 0404 0202 0302 0402 0402 0101 0103 0204 0101 0204 0204 0104 0204 0402 0304 0404 0103 0102 0202 0302 0102 0401 0302 0302 0301 0103 0401 0201 0201 0304 0404 0303 0304 0203 0104 0302 0401 0404 0302 0401 0101 0302 0303 0301 0303 0404 0103 0201 0403 0201 0103 0404 
12, 0301 0304 0201 0401 0204 0401 0104 0103 0102 0103 0301 0102 0201 0103 0304 0402 0302 0102 0301 0304 0303 0202 0302 0302 0204 0203 0101 0403 0104 0303 0401 0101 0201 0401 0101 0403 0104 0302 0203 0402 0202 0104 0404 0404 0302 0201 0302 0204 0404 0204 0302 0401 0102 0402 0304 0204 0403 0204 0304 0402 0202 0102 0101 0202 0402 0201 0303 0103 0102 0402 0303 0303 0302 0403 0102 0102 0404 0203 0401 0403 
13, 0301 0303 0102 0302 0204 0404 0404 0202 0303 0402 0101 0401 0403 0103 0302 0102 0402 0201 0404 0204 0103 0302 0404 0404 0404 0202 0301 0404 0304 0402 0102 0401 0101 0102 0102 0404 0201 0403 0404 0202 0302 0202 0203 0202 0403 0302 0401 0402 0101 0304 0202 0301 0302 0301 0201 0403 0301 0203 0402 0204 0302 0401 0104 0302 0101 0403 0304 0102 0401 0303 0202 0301 0201 0104 0304 0104 0202 0304 0402 0404 
14, 0301 0103 0102 0102 0201 0303 0404 0202 0404 0101 0101 0404 0402 0303 0101 0303 0102 0104 0202 0201 0302 0403 0404 0403 0204 0104 0304 0404 0104 0301 0103 0401 0202 0204 0402 0301 0101 0101 0203 0401 0202 0202 0103 0402 0404 0302 0301 0303 0104 0404 0202 0403 0104 0403 0101 0201 0104 0302 0404 0404 0102 0101 0101 0103 0302 0404 0403 0201 0401 0403 0201 0202 0404 0301 0103 0402 0403 0304 0202 0102 
15, 0404 0103 0102 0204 0202 0303 0104 0104 0403 0102 0101 0201 0304 0104 0304 0403 0101 0101 0401 0304 0101 0101 0303 0103 0402 0301 0104 0404 0204 0403 0101 0102 0402 0104 0101 0401 0404 0204 0102 0103 0103 0101 0404 0402 0203 0203 0203 0403 0103 0304 0402 0101 0204 0301 0101 0204 0303 0403 0201 0303 0102 0302 0101 0203 0201 0204 0303 0101 0104 0303 0103 0203 0103 0101 0301 0101 0301 0304 0401 0301 
16, 0101 0403 0103 0404 0102 0402 0404 0203 0404 0203 0203 0401 0103 0303 0303 0403 0203 0102 0404 0304 0302 0404 0401 0203 0302 0302 0204 0304 0203 0204 0201 0301 0204 0402 0201 0404 0101 0301 0402 0203 0102 0104 0203 0201 0104 0203 0204 0402 0301 0404 0203 0101 0103 0302 0304 0203 0202 0301 0404 0404 0204 0202 0403 0401 0202 0104 0403 0104 0301 0103 0201 0104 0403 0303 0301 0401 0404 0203 0402 0202 
17, 0104 0401 0101 0204 0404 0301 0402 0302 0101 0204 0401 0202 0404 0404 0102 0202 0202 0102 0403 0102 0403 0301 0304 0304 0202 0102 0103 0402 0101 0301 0401 0201 0104 0401 0101 0204 0304 0201 0302 0302 0202 0204 0303 0401 0304 0202 0404 0202 0104 0401 0301 0104 0204 0102 0301 0402 0402 0302 0401 0102 0102 0202 0301 0403 0401 0404 0203 0104 0203 0104 0101 0103 0301 0201 0302 0102 0304 0203 0404 0304 
18, 0101 0303 0202 0204 0402 0402 0404 0202 0202 0203 0401 0304 0303 0303 0304 0202 0201 0401 0402 0301 0301 0301 0104 0103 0404 0402 0104 0404 0401 0203 0303 0104 0202 0402 0402 0402 0104 0203 0202 0202 0203 0102 0204 0404 0401 0402 0401 0302 0304 0401 0204 0101 0203 0401 0101 0304 0104 0103 0104 0404 0402 0202 0202 0303 0102 0302 0303 0401 0301 0401 0404 0404 0103 0103 0202 0201 0104 0402 0304 0404 
19, 0102 0101 0201 0402 0104 0101 0402 0101 0404 0103 0101 0203 0402 0404 0102 0202 0304 0101 0404 0203 0303 0302 0102 0404 0202 0204 0304 0404 0102 0202 0302 0404 0203 0401 0103 0104 0103 0403 0202 0204 0304 0102 0304 0401 0403 0101 0402 0302 0202 0204 0203 0102 0201 0101 0404 0404 0102 0303 0101 0402 0203 0302 0101 0404 0204 0404 0302 0201 0101 0302 0403 0101 0102 0104 0104 0402 0404 0401 0401 0203 
20, 0102 0104 0103 0401 0202 0204 0203 0204 0401 0202 0401 0104 0203 0202 0301 0201 0202 0102 0104 0102 0402 0303 0204 0403 0204 0304 0203 0402 0402 0203 0301 0101 0203 0104 0101 0201 0202 0301 0103 0102 0202 0104 0403 0403 0403 0103 0103 0104 0204 0401 0402 0402 0401 0401 0302 0104 0301 0303 0404 0104 0204 0401 0401 0403 0102 0204 0303 0404 0102 0402 0302 0403 0101 0303 0203 0402 0403 0303 0103 0404 
21, 0203 0402 0301 0202 0202 0304 0304 0204 0103 0101 0401 0403 0103 0303 0402 0302 0202 0302 0104 0301 0204 0101 0403 0404 0202 0304 0303 0301 0101 0401 0203 0101 0402 0301 0401 0304 0204 0102 0202 0204 0102 0201 0103 0304 0103 0302 0303 0204 0401 0402 0401 0402 0201 0102 0101 0402 0301 0301 0401 0204 0103 0303 0201 0302 0101 0404 0302 0202 0102 0104 0103 0204 0304 0404 0303 0401 0201 0101 0301 0303 
22, 0304 0303 0101 0202 0201 0203 0404 0201 0402 0201 0102 0303 0404 0302 0302 0302 0202 0302 0204 0303 0303 0102 0402 0401 0202 0303 0404 0101 0301 0302 0102 0204 0202 0101 0101 0102 0102 0103 0102 0204 0101 0201 0403 0302 0302 0102 0404 0104 0401 0101 0302 0101 0302 0404 0304 0101 0102 0201 0104 0104 0203 0302 0101 0404 0403 0403 0401 0103 0301 0302 0404 0201 0101 0402 0403 0202 0204 0303 0401 0404 
23, 0403 0203 0404 0303 0101 0403 0401 0102 0204 0204 0101 0404 0303 0103 0102 0204 0302 0104 0403 0304 0403 0401 0403 0404 0202 0204 0302 0401 0103 0303 0203 0103 0102 0301 0403 0402 0301 0302 0304 0402 0204 0402 0204 0204 0103 0203 0304 0301 0101 0301 0201 0103 0201 0101 0303 0402 0204 0303 0404 0404 0203 0402 0401 0304 0104 0404 0202 0104 0102 0304 0304 0301 0301 0203 0303 0201 0404 0202 0401 0404 
24, 0102 0102 0303 0301 0102 0104 0103 0201 0404 0402 0101 0101 0203 0204 0403 0304 0202 0201 0104 0402 0302 0203 0403 0403 0204 0204 0304 0204 0404 0303 0301 0101 0102 0101 0201 0404 0102 0101 0303 0401 0302 0404 0103 0404 0103 0203 0303 0204 0101 0401 0202 0403 0204 0202 0203 0104 0101 0304 0204 0104 0202 0202 0304 0303 0104 0401 0303 0304 0302 0302 0102 0301 0201 0401 0303 0103 0404 0403 0403 0304 
25, 0103 0303 0401 0202 0201 0304 0404 0203 0402 0401 0102 0301 0404 0304 0301 0303 0102 0201 0403 0103 0302 0204 0104 0301 0301 0301 0302 0204 0101 0204 0203 0101 0202 0101 0103 0401 0201 0403 0202 0302 0301 0103 0404 0404 0402 0203 0202 0204 0301 0401 0204 0101 0402 0203 0401 0104 0102 0403 0404 0401 0204 0204 0104 0301 0402 0201 0204 0104 0104 0403 0201 0402 0402 0303 0403 0103 0303 0304 0403 0404 
26, 0401 0303 0303 0203 0401 0104 0403 0301 0401 0101 0301 0301 0401 0302 0101 0201 0203 0104 0304 0103 0204 0203 0404 0404 0104 0402 0301 0204 0103 0203 0203 0204 0202 0302 0104 0202 0401 0104 0203 0101 0402 0201 0303 0402 0304 0201 0304 0204 0103 0403 0202 0101 0202 0103 0102 0302 0303 0303 0201 0404 0401 0201 0201 0401 0101 0404 0201 0403 0103 0402 0404 0101 0301 0104 0304 0301 0404 0402 0303 0401 
27, 0304 0401 0101 0304 0202 0204 0204 0202 0303 0201 0401 0101 0104 0303 0403 0101 0202 0104 0303 0404 0303 0303 0404 0104 0202 0204 0404 0301 0104 0204 0403 0401 0402 0301 0104 0304 0402 0102 0204 0202 0301 0204 0103 0203 0403 0103 0403 0403 0102 0404 0204 0303 0304 0301 0401 0403 0202 0202 0204 0302 0402 0202 0304 0401 0103 0404 0304 0101 0101 0401 0102 0201 0302 0303 0402 0202 0404 0101 0301 0303 
28, 0401 0301 0403 0102 0304 0401 0102 0301 0403 0202 0101 0104 0302 0401 0302 0104 0403 0104 0404 0403 0303 0402 0404 0104 0102 0302 0201 0402 0202 0401 0402 0104 0303 0201 0303 0404 0303 0101 0302 0304 0304 0103 0403 0101 0102 0201 0102 0302 0102 0104 0204 0102 0201 0201 0104 0404 0101 0303 0401 0404 0203 0202 0403 0101 0104 0402 0302 0401 0301 0202 0103 0103 0301 0404 0304 0101 0403 0304 0203 0102 
29, 0301 0302 0404 0202 0403 0304 0401 0204 0404 0202 0304 0104 0302 0104 0103 0404 0204 0101 0404 0404 0303 0301 0404 0101 0202 0403 0303 0402 0101 0204 0104 0302 0202 0203 0202 0404 0201 0301 0402 0201 0303 0204 0201 0104 0401 0202 0304 0202 0101 0104 0202 0102 0204 0101 0103 0302 0101 0303 0304 0303 0203 0201 0201 0104 0302 0103 0302 0201 0404 0203 0402 0101 0301 0404 0403 0304 0304 0302 0104 0404 
30, 0101 0401 0202 0204 0203 0304 0204 0102 0204 0303 0102 0401 0401 0303 0303 0302 0303 0104 0201 0101 0403 0303 0102 0404 0203 0201 0301 0203 0102 0301 0403 0102 0201 0104 0401 0404 0102 0203 0304 0203 0102 0201 0304 0303 0304 0302 0404 0302 0102 0403 0402 0101 0202 0101 0104 0203 0203 0303 0402 0401 0301 0304 0403 0303 0101 0404 0203 0101 0101 0304 0102 0102 0202 0104 0203 0104 0204 0304 0403 0402 
31, 0203 0103 0302 0202 0101 0403 0404 0302 0402 0401 0401 0103 0102 0303 0201 0303 0202 0201 0402 0101 0302 0103 0304 0203 0403 0401 0303 0104 0104 0401 0203 0101 0203 0404 0301 0403 0103 0304 0204 0404 0202 0203 0303 0103 0303 0302 0101 0101 0104 0204 0204 0103 0202 0203 0101 0301 0404 0102 0404 0404 0404 0102 0103 0303 0101 0404 0303 0401 0201 0402 0401 0201 0101 0102 0103 0102 0403 0203 0402 0402 
32, 0304 0401 0404 0202 0402 0304 0401 0202 0204 0302 0401 0101 0104 0403 0203 0202 0204 0201 0403 0203 0303 0104 0304 0104 0202 0302 0203 0102 0301 0302 0402 0401 0202 0202 0301 0104 0201 0301 0404 0202 0203 0204 0404 0304 0303 0402 0204 0302 0101 0104 0302 0104 0302 0103 0101 0104 0401 0301 0204 0401 0204 0202 0401 0404 0202 0201 0204 0102 0102 0302 0101 0103 0401 0104 0403 0102 0404 0401 0404 0301 
33, 0101 0403 0304 0302 0204 0401 0404 0401 0104 0201 0101 0403 0404 0203 0101 0101 0204 0301 0202 0304 0202 0403 0102 0304 0402 0204 0303 0304 0204 0202 0104 0204 0101 0203 0101 0101 0101 0101 0104 0202 0302 0102 0104 0402 0203 0403 0304 0301 0301 0203 0302 0404 0402 0203 0201 0402 0102 0304 0404 0403 0202 0404 0101 0303 0401 0301 0202 0302 0101 0102 0101 0101 0302 0303 0202 0301 0404 0204 0402 0404 
34, 0101 0201 0401 0204 0204 0401 0102 0202 0401 0104 0104 0202 0302 0204 0204 0202 0302 0101 0403 0102 0303 0101 0404 0404 0202 0102 0404 0404 0401 0301 0101 0101 0302 0201 0104 0404 0104 0101 0102 0402 0402 0204 0203 0202 0204 0402 0403 0101 0201 0101 0202 0104 0204 0102 0302 0301 0104 0402 0201 0403 0102 0402 0101 0401 0401 0104 0101 0404 0103 0403 0101 0103 0401 0404 0302 0102 0404 0304 0404 0402 
35, 0102 0303 0301 0203 0401 0304 0103 0204 0304 0102 0104 0101 0404 0302 0101 0401 0402 0103 0301 0302 0103 0303 0302 0303 0202 0201 0303 0101 0101 0102 0103 0202 0101 0101 0102 0204 0102 0401 0302 0201 0202 0204 0304 0202 0203 0201 0303 0201 0204 0101 0302 0404 0203 0101 0104 0404 0402 0401 0401 0103 0301 0202 0401 0104 0301 0203 0304 0401 0401 0403 0404 0204 0401 0101 0103 0203 0104 0401 0104 0402 
36, 0204 0302 0103 0302 0202 0404 0404 0203 0104 0102 0103 0104 0201 0304 0103 0202 0202 0102 0103 0303 0203 0201 0404 0403 0204 0204 0302 0104 0404 0304 0402 0102 0104 0201 0304 0204 0301 0201 0204 0302 0301 0201 0103 0303 0101 0304 0304 0204 0101 0404 0203 0101 0201 0101 0101 0402 0301 0304 0104 0404 0303 0204 0101 0204 0401 0204 0104 0402 0401 0302 0101 0301 0401 0404 0104 0101 0401 0303 0104 0404 
37, 0401 0102 0101 0202 0101 0304 0304 0101 0301 0102 0301 0302 0401 0303 0303 0203 0203 0101 0104 0303 0303 0203 0304 0401 0201 0202 0203 0402 0401 0202 0101 0104 0102 0102 0202 0401 0102 0101 0201 0401 0104 0104 0303 0403 0302 0302 0402 0202 0204 0104 0202 0204 0204 0102 0102 0404 0401 0203 0204 0201 0302 0401 0303 0204 0101 0201 0402 0104 0101 0203 0102 0101 0401 0404 0303 0302 0204 0104 0204 0104 
38, 0103 0303 0101 0202 0201 0201 0201 0403 0404 0304 0203 0101 0204 0203 0103 0202 0201 0102 0404 0201 0303 0201 0401 0104 0103 0401 0303 0304 0204 0303 0304 0402 0303 0201 0103 0102 0101 0104 0201 0201 0103 0102 0304 0101 0203 0102 0401 0202 0103 0103 0402 0101 0101 0201 0103 0303 0404 0103 0203 0101 0401 0401 0203 0101 0104 0404 0304 0104 0304 0101 0301 0201 0102 0101 0303 0101 0303 0203 0304 0101 
39, 0101 0304 0101 0201 0303 0401 0202 0102 0404 0102 0103 0103 0302 0403 0103 0303 0304 0102 0304 0403 0202 0204 0404 0404 0102 0202 0103 0204 0404 0103 0103 0102 0202 0301 0404 0402 0201 0101 0204 0403 0102 0104 0304 0104 0204 0204 0404 0203 0204 0204 0104 0401 0202 0304 0102 0404 0301 0203 0401 0202 0203 0201 0303 0103 0101 0404 0304 0104 0203 0302 0104 0101 0101 0103 0303 0103 0103 0103 0404 0202 
40, 0102 0403 0401 0202 0302 0402 0401 0302 0404 0403 0101 0104 0201 0403 0301 0401 0402 0101 0103 0101 0202 0102 0404 0404 0303 0402 0304 0304 0204 0101 0304 0101 0204 0101 0103 0404 0104 0101 0202 0202 0204 0402 0104 0103 0304 0303 0404 0402 0101 0204 0302 0401 0302 0302 0101 0304 0404 0103 0202 0103 0204 0203 0404 0202 0402 0302 0401 0101 0201 0303 0202 0102 0103 0304 0304 0102 0404 0202 0403 0404 
41, 0301 0203 0301 0204 0403 0403 0404 0302 0304 0101 0101 0101 0401 0403 0301 0202 0102 0101 0401 0203 0202 0303 0404 0302 0101 0404 0302 0204 0404 0202 0103 0404 0301 0201 0303 0302 0201 0403 0202 0202 0202 0201 0302 0402 0203 0201 0403 0204 0202 0402 0202 0301 0404 0101 0402 0402 0101 0304 0404 0403 0202 0104 0204 0304 0102 0103 0103 0203 0101 0304 0301 0101 0104 0304 0103 0201 0304 0403 0304 0304 
42, 0104 0201 0102 0403 0403 0103 0204 0101 0402 0101 0104 0104 0404 0103 0303 0403 0302 0101 0203 0303 0301 0104 0403 0403 0202 0204 0303 0404 0301 0403 0201 0104 0202 0402 0104 0404 0401 0301 0402 0201 0202 0401 0403 0402 0301 0202 0104 0301 0101 0404 0204 0401 0301 0104 0102 0201 0204 0101 0404 0104 0104 0202 0103 0303 0104 0404 0301 0101 0401 0203 0101 0103 0402 0404 0303 0101 0404 0403 0401 0202 
43, 0301 0203 0201 0302 0201 0202 0202 0204 0403 0102 0101 0104 0103 0403 0103 0401 0402 0103 0404 0303 0202 0303 0404 0301 0203 0303 0204 0402 0304 0301 0401 0201 0301 0103 0403 0104 0104 0201 0302 0302 0201 0304 0304 0103 0303 0303 0204 0302 0102 0404 0304 0102 0203 0102 0201 0404 0302 0301 0302 0403 0203 0402 0201 0302 0201 0404 0301 0302 0201 0103 0101 0202 0302 0204 0301 0102 0404 0303 0404 0304 
44, 0103 0303 0101 0203 0202 0303 0403 0202 0404 0102 0301 0402 0304 0304 0304 0304 0202 0101 0102 0403 0204 0301 0404 0402 0402 0404 0304 0402 0401 0304 0203 0102 0101 0102 0102 0102 0101 0104 0204 0202 0203 0402 0403 0403 0303 0202 0104 0302 0301 0401 0201 0104 0304 0304 0402 0204 0103 0303 0402 0403 0102 0403 0104 0303 0201 0304 0304 0401 0101 0303 0101 0103 0201 0304 0201 0104 0404 0204 0104 0404 
45, 0102 0404 0204 0304 0303 0403 0401 0403 0202 0302 0101 0101 0403 0203 0302 0303 0301 0201 0404 0103 0104 0201 0404 0203 0202 0202 0302 0204 0302 0203 0201 0201 0202 0401 0102 0204 0102 0104 0401 0101 0201 0101 0204 0201 0303 0202 0404 0404 0101 0401 0302 0101 0204 0101 0103 0404 0204 0304 0404 0104 0401 0302 0202 0103 0102 0404 0303 0402 0101 0403 0101 0201 0103 0301 0102 0201 0304 0103 0102 0203 
46, 0301 0402 0104 0201 0401 0103 0301 0102 0401 0402 0103 0201 0201 0204 0301 0204 0404 0401 0101 0403 0102 0201 0304 0404 0204 0203 0301 0404 0403 0202 0401 0103 0201 0104 0101 0404 0404 0104 0203 0301 0204 0402 0404 0404 0103 0202 0403 0403 0303 0104 0302 0101 0404 0101 0203 0102 0403 0404 0104 0201 0203 0202 0304 0403 0401 0203 0201 0103 0304 0302 0103 0201 0203 0104 0302 0204 0403 0104 0102 0201 
47, 0101 0304 0403 0302 0103 0101 0101 0201 0402 0203 0201 0404 0304 0202 0303 0202 0402 0302 0204 0204 0402 0302 0404 0204 0402 0203 0201 0403 0404 0203 0101 0101 0201 0201 0101 0404 0204 0102 0403 0202 0202 0104 0204 0404 0302 0204 0304 0202 0103 0301 0402 0103 0102 0302 0402 0301 0101 0302 0404 0402 0102 0202 0101 0304 0204 0404 0202 0104 0302 0203 0203 0301 0104 0303 0402 0102 0101 0303 0301 0203 
48, 0104 0301 0101 0302 0201 0304 0301 0203 0402 0302 0201 0104 0104 0301 0302 0203 0402 0101 0301 0101 0302 0401 0403 0403 0202 0301 0203 0401 0401 0304 0102 0101 0201 0104 0102 0404 0102 0402 0203 0402 0101 0202 0403 0401 0303 0101 0404 0102 0302 0104 0202 0102 0402 0301 0201 0404 0303 0301 0404 0204 0102 0302 0101 0303 0101 0301 0303 0404 0101 0304 0102 0102 0104 0303 0103 0101 0304 0303 0102 0401 
49, 0101 0102 0102 0203 0204 0304 0201 0102 0103 0301 0101 0404 0404 0303 0301 0202 0202 0102 0104 0303 0204 0204 0404 0204 0304 0403 0302 0202 0202 0303 0201 0102 0401 0404 0102 0101 0204 0403 0202 0104 0204 0401 0103 0103 0203 0401 0304 0301 0102 0403 0303 0101 0304 0404 0203 0103 0202 0303 0404 0403 0104 0202 0202 0303 0101 0404 0301 0104 0402 0302 0101 0104 0401 0304 0303 0204 0303 0301 0103 0404 
50, 0402 0303 0404 0201 0201 0201 0403 0103 0404 0104 0201 0104 0302 0303 0304 0203 0302 0404 0104 0203 0401 0301 0402 0301 0103 0301 0103 0404 0401 0302 0302 0403 0302 0203 0301 0402 0201 0301 0302 0203 0201 0402 0303 0403 0401 0402 0204 0104 0101 0404 0103 0102 0204 0201 0103 0404 0101 0404 0404 0302 0203 0202 0101 0303 0104 0402 0301 0201 0104 0303 0204 0203 0103 0204 0304 0101 0403 0404 0404 0402 
51, 0101 0303 0101 0202 0401 0204 0401 0204 0404 0401 0102 0204 0101 0304 0103 0402 0202 0401 0402 0203 0302 0201 0404 0103 0102 0401 0103 0303 0401 0302 0204 0301 0102 0301 0101 0203 0102 0301 0404 0203 0202 0103 0301 0202 0303 0203 0201 0402 0104 0301 0201 0102 0303 0304 0102 0303 0203 0304 0104 0404 0203 0103 0101 0403 0104 0404 0203 0304 0404 0203 0403 0202 0402 0401 0303 0101 0201 0103 0303 0404 
52, 0302 0103 0401 0202 0102 0204 0201 0204 0201 0101 0103 0301 0304 0403 0302 0202 0204 0101 0104 0301 0403 0101 0404 0304 0302 0401 0203 0403 0101 0204 0201 0201 0404 0103 0101 0104 0101 0401 0401 0202 0204 0402 0101 0104 0201 0201 0402 0103 0403 0402 0401 0203 0201 0103 0301 0203 0403 0303 0404 0401 0203 0102 0203 0403 0304 0404 0204 0401 0301 0204 0301 0101 0102 0104 0204 0401 0304 0301 0403 0304 
53, 0401 0403 0101 0402 0202 0403 0404 0203 0302 0303 0101 0104 0301 0103 0101 0301 0302 0203 0304 0303 0103 0203 0301 0102 0202 0101 0202 0403 0404 0303 0202 0401 0202 0101 0301 0404 0404 0103 0202 0301 0303 0202 0303 0104 0303 0202 0402 0202 0303 0304 0202 0101 0202 0101 0202 0204 0102 0304 0202 0104 0201 0402 0103 0103 0404 0402 0404 0104 0101 0203 0301 0101 0104 0204 0403 0104 0304 0203 0204 0104 
54, 0101 0201 0103 0202 0102 0403 0104 0101 0401 0104 0301 0403 0303 0104 0304 0203 0402 0102 0403 0402 0301 0103 0304 0104 0401 0301 0104 0304 0101 0303 0102 0403 0304 0301 0203 0402 0401 0401 0402 0303 0102 0102 0103 0402 0101 0201 0404 0302 0304 0204 0202 0102 0204 0102 0401 0204 0101 0402 0401 0104 0302 0202 0303 0104 0304 0304 0103 0204 0401 0403 0201 0401 0401 0103 0304 0401 0204 0204 0301 0103 
55, 0401 0203 0203 0402 0202 0303 0301 0201 0401 0201 0401 0102 0402 0103 0102 0202 0302 0101 0304 0102 0302 0303 0402 0404 0204 0302 0303 0101 0202 0301 0303 0101 0301 0103 0101 0203 0304 0101 0202 0101 0201 0103 0102 0203 0103 0203 0401 0204 0102 0104 0203 0101 0203 0102 0201 0403 0104 0301 0201 0401 0101 0202 0204 0202 0103 0103 0204 0104 0202 0303 0104 0401 0102 0404 0103 0204 0304 0103 0204 0402 
56, 0101 0204 0202 0104 0203 0303 0404 0301 0104 0401 0203 0102 0303 0101 0304 0402 0104 0303 0304 0101 0103 0202 0302 0202 0203 0202 0301 0402 0104 0302 0103 0101 0204 0301 0104 0404 0103 0203 0102 0102 0304 0302 0101 0202 0202 0202 0403 0402 0103 0401 0202 0303 0204 0103 0204 0404 0103 0302 0104 0304 0202 0202 0304 0304 0102 0301 0403 0401 0304 0203 0104 0404 0402 0403 0303 0103 0401 0304 0104 0404 
57, 0104 0104 0302 0302 0102 0404 0404 0404 0104 0103 0301 0104 0304 0303 0303 0202 0401 0101 0201 0203 0102 0302 0304 0104 0204 0102 0403 0204 0401 0402 0103 0103 0402 0404 0302 0402 0203 0103 0202 0104 0104 0203 0302 0204 0303 0204 0404 0304 0401 0102 0202 0404 0204 0101 0101 0402 0201 0403 0104 0301 0403 0202 0201 0302 0402 0404 0303 0102 0101 0303 0102 0104 0104 0302 0403 0104 0404 0202 0104 0402 
58, 0101 0302 0304 0101 0103 0404 0103 0203 0401 0204 0301 0104 0102 0201 0104 0303 0102 0202 0404 0301 0404 0301 0103 0103 0202 0302 0302 0204 0201 0304 0104 0301 0101 0101 0301 0101 0204 0101 0101 0302 0402 0302 0303 0204 0101 0401 0103 0204 0103 0402 0202 0101 0102 0102 0202 0404 0103 0104 0402 0304 0304 0102 0301 0304 0302 0104 0101 0102 0202 0301 0303 0103 0103 0202 0402 0104 0401 0102 0204 0401 
59, 0102 0303 0101 0204 0102 0304 0404 0401 0204 0101 0201 0103 0404 0203 0304 0304 0202 0303 0203 0303 0402 0401 0102 0404 0302 0301 0303 0104 0203 0101 0103 0104 0404 0204 0101 0204 0301 0201 0202 0101 0302 0304 0304 0304 0301 0202 0204 0103 0101 0204 0102 0402 0402 0301 0104 0101 0101 0103 0104 0402 0403 0202 0102 0401 0104 0304 0402 0301 0301 0103 0103 0101 0404 0201 0203 0101 0301 0301 0204 0401 
60, 0301 0301 0201 0401 0102 0104 0402 0201 0204 0101 0202 0103 0302 0402 0302 0403 0401 0401 0404 0302 0304 0203 0304 0303 0401 0403 0302 0302 0204 0301 0201 0101 0204 0203 0303 0102 0103 0302 0201 0201 0302 0102 0403 0304 0402 0101 0204 0201 0401 0401 0404 0301 0202 0101 0102 0401 0104 0202 0102 0101 0202 0201 0401 0302 0102 0403 0101 0104 0104 0303 0201 0403 0201 0404 0102 0201 0301 0303 0401 0404 
61, 0101 0101 0401 0203 0403 0104 0404 0304 0401 0302 0104 0101 0301 0103 0104 0403 0303 0101 0404 0301 0103 0103 0404 0401 0201 0203 0204 0403 0401 0302 0202 0103 0203 0203 0101 0302 0402 0102 0202 0201 0204 0204 0204 0403 0103 0202 0402 0202 0301 0404 0402 0101 0304 0101 0102 0404 0101 0403 0404 0304 0101 0402 0104 0304 0101 0401 0303 0101 0401 0203 0102 0101 0201 0304 0302 0102 0404 0404 0404 0204 
62, 0401 0402 0104 0101 0101 0201 0204 0202 0404 0102 0101 0402 0404 0103 0102 0201 0403 0301 0203 0403 0202 0301 0402 0304 0103 0103 0104 0404 0204 0303 0104 0102 0401 0103 0102 0304 0101 0401 0102 0202 0101 0201 0204 0102 0301 0302 0403 0203 0303 0404 0202 0101 0202 0303 0402 0304 0102 0304 0404 0202 0103 0204 0102 0104 0102 0201 0302 0104 0203 0301 0201 0201 0102 0204 0302 0204 0204 0203 0302 0104 
63, 0302 0402 0303 0203 0202 0404 0403 0201 0401 0103 0401 0404 0404 0404 0302 0401 0102 0101 0404 0403 0302 0202 0403 0303 0404 0401 0103 0204 0302 0203 0201 0101 0302 0101 0102 0404 0302 0401 0403 0304 0203 0401 0303 0104 0103 0402 0403 0204 0402 0401 0304 0203 0204 0101 0102 0304 0101 0203 0204 0401 0204 0402 0101 0204 0102 0404 0403 0404 0404 0202 0102 0203 0201 0402 0303 0202 0303 0203 0303 0402 
64, 0101 0102 0301 0302 0103 0404 0401 0401 0403 0104 0102 0201 0103 0402 0304 0204 0202 0103 0302 0301 0303 0104 0404 0201 0402 0402 0303 0403 0401 0102 0103 0203 0403 0203 0104 0203 0102 0101 0301 0102 0104 0203 0303 0101 0203 0202 0402 0402 0201 0404 0302 0102 0404 0101 0102 0404 0201 0203 0403 0402 0103 0202 0103 0204 0101 0401 0303 0101 0301 0104 0102 0101 0301 0204 0304 0304 0304 0302 0402 0404 
65, 0303 0102 0302 0202 0204 0403 0104 0201 0103 0101 0303 0202 0201 0202 0404 0102 0301 0102 0402 0403 0301 0201 0304 0203 0303 0202 0102 0303 0101 0102 0404 0101 0202 0401 0102 0404 0203 0302 0204 0402 0202 0102 0304 0404 0104 0304 0201 0302 0101 0201 0302 0103 0102 0401 0103 0401 0201 0203 0302 0404 0203 0101 0302 0202 0204 0402 0103 0404 0301 0404 0301 0303 0301 0404 0403 0103 0402 0101 0102 0204 
66, 0303 0203 0101 0102 0302 0403 0401 0304 0304 0402 0202 0202 0401 0402 0302 0402 0102 0101 0304 0403 0203 0304 0104 0204 0201 0102 0303 0204 0403 0303 0203 0301 0202 0203 0102 0204 0101 0303 0404 0101 0201 0302 0404 0404 0203 0201 0404 0104 0201 0304 0202 0204 0202 0302 0304 0401 0201 0301 0202 0104 0203 0202 0304 0402 0403 0404 0302 0401 0201 0403 0101 0101 0104 0401 0304 0201 0401 0401 0404 0204 
67, 0103 0102 0101 0202 0101 0303 0103 0202 0401 0403 0102 0404 0402 0104 0301 0303 0303 0101 0404 0402 0203 0303 0402 0402 0102 0202 0304 0404 0404 0202 0104 0301 0202 0101 0104 0201 0203 0102 0201 0302 0202 0304 0201 0104 0301 0202 0404 0302 0104 0404 0104 0101 0401 0201 0201 0401 0304 0201 0302 0401 0102 0102 0101 0401 0203 0204 0203 0101 0301 0303 0101 0103 0401 0404 0303 0102 0404 0304 0403 0404 
68, 0303 0204 0301 0202 0202 0401 0402 0103 0401 0102 0401 0104 0102 0304 0302 0302 0201 0101 0104 0103 0304 0302 0304 0301 0202 0102 0304 0404 0102 0401 0202 0101 0202 0402 0203 0204 0101 0101 0201 0202 0202 0203 0301 0103 0301 0104 0102 0304 0103 0202 0201 0104 0202 0103 0404 0101 0103 0103 0402 0204 0402 0202 0103 0101 0104 0403 0104 0401 0104 0404 0201 0204 0301 0102 0103 0301 0404 0304 0104 0404 
69, 0304 0402 0101 0103 0202 0303 0404 0102 0104 0204 0201 0203 0304 0303 0103 0203 0202 0404 0403 0303 0203 0303 0201 0401 0402 0204 0303 0202 0404 0203 0102 0301 0302 0204 0104 0302 0404 0101 0203 0102 0202 0202 0102 0301 0402 0202 0102 0304 0301 0404 0201 0201 0202 0101 0101 0301 0403 0102 0204 0102 0303 0201 0303 0204 0102 0404 0101 0101 0301 0302 0204 0102 0401 0404 0404 0401 0402 0304 0203 0202 
70, 0304 0201 0101 0202 0202 0104 0304 0201 0402 0201 0201 0104 0304 0103 0201 0202 0204 0402 0104 0403 0404 0301 0304 0404 0202 0304 0401 0104 0103 0203 0301 0304 0303 0403 0201 0104 0104 0204 0203 0202 0402 0101 0403 0403 0303 0304 0204 0202 0101 0103 0202 0103 0302 0303 0201 0304 0403 0301 0201 0101 0102 0401 0104 0301 0302 0404 0302 0101 0104 0302 0102 0101 0401 0401 0103 0103 0304 0202 0101 0402 
71, 0102 0304 0101 0201 0304 0301 0404 0204 0401 0104 0202 0101 0203 0403 0304 0301 0203 0104 0403 0303 0102 0102 0404 0403 0201 0101 0303 0402 0301 0201 0101 0301 0202 0101 0402 0402 0101 0102 0204 0203 0303 0201 0404 0404 0303 0203 0201 0102 0301 0101 0202 0102 0302 0201 0204 0304 0301 0203 0104 0102 0202 0202 0102 0303 0102 0304 0101 0103 0401 0303 0403 0201 0301 0304 0203 0402 0304 0203 0104 0102 
72, 0101 0303 0201 0101 0101 0404 0404 0302 0204 0102 0102 0104 0101 0403 0403 0203 0304 0304 0404 0303 0303 0303 0104 0404 0204 0202 0403 0304 0103 0301 0102 0101 0201 0403 0202 0101 0401 0104 0202 0301 0204 0403 0401 0302 0304 0203 0402 0202 0402 0404 0202 0202 0301 0401 0101 0404 0203 0303 0304 0401 0101 0202 0101 0404 0103 0404 0201 0102 0401 0303 0201 0103 0201 0202 0203 0303 0304 0301 0202 0104 
73, 0401 0304 0102 0203 0203 0204 0104 0401 0404 0201 0103 0203 0401 0403 0303 0401 0201 0402 0101 0304 0202 0404 0403 0204 0202 0204 0301 0101 0102 0103 0302 0402 0202 0101 0101 0401 0104 0402 0404 0201 0201 0204 0302 0204 0303 0402 0402 0204 0103 0101 0102 0101 0401 0103 0302 0102 0203 0203 0204 0204 0204 0103 0103 0101 0304 0101 0202 0302 0102 0403 0402 0103 0102 0403 0103 0101 0204 0201 0404 0103 
74, 0202 0104 0203 0203 0101 0401 0204 0302 0404 0101 0204 0301 0204 0204 0402 0201 0401 0401 0101 0203 0102 0101 0401 0104 0301 0203 0303 0304 0404 0203 0104 0301 0203 0404 0403 0104 0103 0101 0204 0304 0102 0202 0303 0302 0303 0202 0101 0204 0103 0401 0202 0101 0102 0301 0301 0204 0201 0301 0401 0104 0402 0203 0102 0303 0401 0404 0303 0201 0101 0303 0303 0103 0204 0404 0403 0202 0301 0403 0401 0403 
75, 0201 0101 0101 0103 0204 0103 0404 0403 0204 0101 0302 0103 0404 0403 0401 0404 0201 0304 0403 0303 0201 0201 0202 0404 0202 0204 0403 0204 0403 0201 0403 0201 0201 0104 0104 0404 0201 0402 0103 0201 0201 0401 0403 0404 0204 0202 0202 0203 0303 0401 0203 0202 0203 0103 0304 0204 0303 0201 0404 0403 0401 0402 0103 0103 0404 0401 0203 0104 0204 0304 0102 0203 0202 0304 0204 0101 0404 0302 0404 0102 
76, 0101 0302 0403 0202 0104 0404 0201 0202 0403 0204 0404 0102 0402 0303 0403 0202 0402 0402 0204 0303 0304 0303 0204 0304 0201 0203 0102 0203 0404 0404 0201 0202 0403 0103 0102 0401 0104 0103 0102 0302 0202 0203 0103 0404 0203 0201 0204 0401 0103 0403 0101 0101 0402 0104 0201 0301 0104 0103 0204 0302 0204 0201 0202 0301 0401 0202 0202 0404 0401 0303 0102 0102 0401 0404 0303 0104 0403 0101 0103 0301 
77, 0301 0401 0201 0402 0202 0204 0101 0204 0101 0201 0102 0102 0204 0403 0403 0402 0202 0104 0203 0401 0303 0101 0404 0402 0203 0302 0401 0204 0404 0101 0101 0101 0203 0203 0201 0404 0402 0102 0403 0304 0202 0403 0401 0104 0303 0204 0304 0102 0103 0304 0202 0402 0202 0202 0103 0204 0201 0404 0304 0204 0403 0102 0101 0303 0104 0103 0301 0202 0203 0201 0101 0104 0201 0304 0204 0101 0404 0204 0402 0204 
78, 0101 0304 0201 0302 0301 0403 0404 0304 0302 0301 0202 0101 0201 0302 0401 0102 0302 0101 0202 0303 0304 0103 0401 0401 0201 0203 0403 0303 0101 0202 0403 0101 0101 0102 0401 0101 0404 0102 0202 0301 0202 0404 0303 0203 0401 0101 0304 0103 0203 0402 0202 0101 0102 0103 0104 0304 0201 0303 0404 0401 0301 0202 0101 0403 0301 0301 0102 0101 0201 0303 0301 0103 0104 0304 0304 0204 0404 0203 0302 0403 
79, 0201 0203 0101 0201 0302 0401 0402 0202 0404 0203 0404 0302 0402 0201 0401 0404 0404 0101 0302 0302 0102 0203 0304 0403 0103 0202 0301 0404 0303 0204 0203 0102 0104 0102 0204 0102 0202 0102 0202 0401 0103 0104 0403 0404 0104 0101 0403 0202 0301 0202 0302 0204 0403 0103 0301 0101 0102 0303 0404 0103 0404 0302 0101 0304 0101 0402 0304 0104 0201 0202 0102 0403 0401 0404 0302 0101 0204 0203 0404 0404 
80, 0403 0203 0101 0102 0101 0304 0104 0104 0301 0303 0104 0401 0404 0101 0302 0302 0204 0102 0404 0204 0103 0101 0104 0404 0202 0401 0101 0402 0403 0304 0302 0104 0204 0201 0103 0102 0101 0201 0102 0203 0402 0303 0304 0203 0404 0402 0301 0203 0401 0403 0204 0301 0402 0103 0401 0401 0203 0203 0404 0403 0402 0201 0402 0403 0101 0403 0203 0304 0101 0201 0202 0402 0302 0303 0103 0102 0104 0401 0301 0404 
81, 0303 0101 0304 0203 0201 0402 0104 0204 0201 0102 0201 0401 0203 0103 0301 0403 0202 0301 0104 0201 0303 0303 0302 0302 0204 0401 0102 0203 0104 0203 0204 0102 0102 0402 0101 0102 0101 0401 0104 0301 0201 0102 0104 0403 0304 0404 0302 0201 0101 0302 0404 0101 0204 0102 0303 0204 0103 0303 0404 0201 0103 0402 0403 0203 0301 0404 0403 0404 0402 0303 0101 0304 0201 0402 0303 0102 0404 0103 0303 0304 
82, 0203 0303 0401 0404 0203 0104 0302 0202 0404 0303 0204 0101 0401 0103 0403 0104 0203 0104 0301 0301 0203 0201 0404 0404 0202 0101 0301 0404 0404 0302 0101 0301 0102 0404 0101 0104 0302 0103 0103 0303 0101 0201 0304 0203 0404 0204 0201 0202 0303 0104 0402 0401 0201 0302 0101 0404 0201 0103 0102 0401 0102 0201 0303 0103 0401 0404 0303 0101 0301 0203 0104 0202 0301 0103 0403 0104 0204 0304 0304 0402 
83, 0304 0104 0201 0202 0103 0204 0304 0302 0104 0103 0101 0103 0204 0101 0304 0304 0301 0404 0402 0104 0302 0404 0202 0301 0302 0203 0203 0404 0404 0103 0202 0101 0401 0101 0404 0404 0101 0404 0204 0201 0202 0202 0401 0404 0304 0301 0204 0402 0304 0104 0202 0204 0104 0201 0304 0403 0304 0302 0304 0404 0402 0302 0203 0204 0402 0204 0304 0403 0401 0203 0401 0104 0402 0102 0403 0101 0201 0104 0104 0204 
84, 0101 0102 0101 0201 0101 0302 0202 0404 0404 0401 0102 0101 0401 0303 0303 0203 0302 0403 0201 0403 0304 0201 0204 0304 0302 0401 0301 0102 0101 0401 0101 0301 0404 0104 0101 0202 0202 0101 0302 0301 0202 0404 0401 0102 0301 0204 0103 0203 0101 0404 0202 0401 0401 0102 0204 0404 0302 0403 0204 0404 0204 0102 0301 0404 0104 0403 0302 0302 0404 0303 0101 0103 0101 0404 0304 0101 0404 0204 0402 0404 
85, 0301 0301 0201 0204 0101 0402 0404 0204 0303 0101 0101 0401 0204 0303 0303 0202 0202 0101 0304 0202 0303 0302 0404 0401 0203 0202 0302 0202 0401 0301 0401 0101 0104 0304 0202 0402 0103 0101 0203 0101 0101 0201 0301 0102 0401 0102 0404 0102 0104 0101 0202 0404 0404 0302 0101 0401 0402 0304 0202 0403 0204 0402 0401 0403 0102 0402 0304 0404 0101 0303 0104 0103 0101 0103 0303 0403 0302 0303 0404 0404 
86, 0304 0202 0302 0201 0202 0404 0404 0104 0403 0402 0201 0101 0404 0302 0201 0101 0202 0104 0104 0103 0204 0402 0304 0401 0204 0102 0401 0104 0102 0401 0204 0104 0202 0404 0301 0404 0102 0301 0204 0401 0203 0204 0404 0104 0403 0202 0301 0104 0101 0303 0203 0103 0203 0201 0101 0304 0102 0103 0404 0404 0202 0102 0201 0302 0102 0401 0303 0401 0102 0401 0401 0202 0301 0304 0104 0302 0304 0301 0102 0404 
87, 0304 0101 0102 0201 0303 0401 0402 0101 0204 0102 0401 0404 0404 0202 0103 0303 0102 0201 0401 0401 0402 0404 0204 0301 0203 0202 0101 0103 0304 0404 0104 0302 0202 0101 0304 0304 0403 0401 0202 0202 0204 0203 0304 0201 0304 0302 0302 0404 0101 0101 0202 0101 0201 0102 0201 0404 0204 0203 0203 0404 0102 0102 0103 0301 0102 0201 0202 0101 0201 0203 0201 0103 0401 0403 0301 0304 0304 0303 0201 0403 
88, 0401 0203 0102 0402 0204 0201 0401 0203 0104 0102 0401 0104 0404 0301 0303 0202 0304 0104 0404 0103 0401 0304 0104 0404 0204 0102 0304 0402 0402 0201 0202 0103 0303 0101 0103 0404 0203 0101 0202 0103 0103 0103 0404 0404 0303 0304 0302 0404 0101 0204 0204 0402 0401 0302 0304 0402 0302 0303 0403 0104 0201 0102 0102 0204 0104 0403 0402 0301 0101 0302 0101 0203 0101 0102 0303 0302 0103 0304 0103 0403 
89, 0301 0103 0101 0204 0102 0101 0302 0301 0104 0101 0101 0301 0402 0404 0202 0202 0102 0204 0401 0304 0303 0101 0304 0204 0302 0204 0303 0302 0201 0201 0301 0101 0204 0102 0104 0402 0404 0301 0104 0203 0202 0104 0403 0401 0404 0103 0403 0201 0104 0401 0202 0103 0404 0204 0202 0401 0102 0302 0401 0402 0302 0202 0401 0301 0101 0404 0301 0103 0301 0203 0101 0303 0101 0404 0104 0102 0404 0203 0401 0302 
90, 0103 0203 0204 0304 0102 0402 0201 0301 0202 0101 0102 0401 0104 0304 0303 0104 0203 0101 0301 0403 0201 0101 0103 0103 0102 0204 0303 0403 0402 0403 0202 0102 0404 0101 0101 0201 0103 0103 0303 0103 0103 0402 0404 0103 0303 0204 0301 0101 0401 0401 0204 0101 0402 0101 0101 0404 0204 0203 0404 0104 0402 0202 0101 0103 0102 0404 0301 0201 0104 0103 0103 0104 0201 0202 0101 0302 0304 0301 0404 0404 
91, 0201 0103 0102 0303 0401 0301 0204 0301 0404 0101 0102 0301 0402 0204 0404 0202 0301 0401 0202 0103 0303 0103 0304 0403 0303 0204 0301 0302 0401 0203 0101 0101 0202 0401 0202 0403 0104 0104 0202 0202 0103 0202 0201 0403 0103 0202 0104 0202 0302 0404 0304 0403 0104 0101 0303 0202 0103 0203 0204 0204 0204 0202 0104 0303 0401 0404 0303 0202 0101 0303 0304 0301 0302 0402 0302 0201 0103 0303 0304 0304 
92, 0301 0304 0402 0201 0204 0103 0403 0201 0302 0204 0401 0404 0404 0304 0303 0302 0402 0303 0404 0103 0303 0101 0404 0104 0204 0202 0103 0402 0103 0304 0104 0201 0203 0401 0101 0201 0101 0402 0203 0404 0302 0304 0101 0203 0301 0201 0404 0202 0101 0101 0102 0102 0403 0104 0201 0201 0301 0201 0403 0304 0202 0203 0304 0302 0101 0304 0203 0101 0104 0201 0101 0102 0201 0401 0303 0401 0304 0401 0401 0404 
93, 0101 0304 0304 0104 0203 0204 0101 0304 0403 0101 0101 0301 0403 0302 0101 0202 0102 0203 0404 0203 0101 0104 0401 0204 0204 0104 0204 0301 0101 0102 0104 0204 0301 0402 0301 0104 0101 0101 0403 0302 0101 0202 0103 0202 0403 0102 0402 0103 0303 0404 0203 0401 0404 0101 0204 0404 0101 0204 0304 0402 0402 0101 0102 0103 0202 0301 0302 0203 0402 0303 0104 0304 0102 0403 0103 0103 0402 0403 0104 0402 
94, 0101 0103 0101 0102 0102 0104 0402 0203 0304 0102 0101 0101 0102 0403 0301 0403 0303 0204 0203 0304 0402 0404 0404 0304 0102 0202 0403 0103 0404 0102 0102 0101 0204 0201 0104 0402 0401 0104 0304 0202 0302 0304 0403 0204 0102 0403 0402 0202 0101 0404 0204 0401 0202 0202 0202 0404 0103 0203 0203 0204 0204 0402 0202 0301 0204 0404 0303 0101 0203 0402 0101 0301 0201 0404 0301 0103 0202 0403 0304 0302 
95, 0104 0304 0101 0103 0303 0304 0404 0202 0303 0101 0102 0103 0404 0104 0302 0203 0201 0101 0204 0303 0403 0301 0304 0403 0302 0202 0202 0404 0301 0202 0101 0101 0402 0104 0203 0404 0101 0202 0202 0201 0204 0202 0302 0103 0203 0204 0103 0203 0101 0102 0202 0203 0201 0203 0301 0203 0201 0204 0101 0101 0402 0101 0201 0103 0402 0103 0303 0103 0104 0202 0404 0103 0101 0203 0403 0203 0201 0303 0204 0204 
96, 0203 0304 0303 0203 0402 0104 0204 0403 0204 0402 0303 0104 0401 0301 0103 0402 0102 0302 0303 0303 0203 0203 0203 0404 0204 0304 0402 0304 0402 0302 0304 0201 0202 0201 0403 0402 0201 0101 0304 0302 0201 0201 0404 0402 0403 0302 0203 0302 0301 0404 0303 0204 0403 0104 0302 0203 0301 0303 0402 0404 0401 0404 0201 0303 0201 0104 0204 0304 0101 0303 0102 0301 0201 0301 0402 0102 0401 0303 0104 0104 
97, 0301 0103 0201 0204 0401 0401 0104 0402 0402 0101 0101 0101 0402 0304 0101 0202 0301 0101 0104 0303 0301 0202 0404 0403 0102 0404 0303 0403 0104 0301 0102 0201 0202 0101 0402 0402 0403 0101 0202 0302 0202 0204 0403 0202 0403 0203 0401 0202 0104 0101 0202 0101 0304 0103 0301 0104 0403 0303 0403 0403 0102 0101 0102 0103 0102 0204 0203 0101 0401 0304 0202 0101 0301 0301 0301 0303 0404 0404 0302 0403 
98, 0302 0103 0102 0104 0303 0302 0401 0204 0401 0101 0402 0401 0404 0104 0303 0302 0403 0101 0201 0303 0401 0202 0304 0401 0202 0204 0203 0403 0304 0403 0102 0204 0204 0101 0101 0404 0303 0203 0203 0203 0101 0201 0304 0303 0203 0201 0302 0201 0101 0403 0204 0202 0202 0302 0103 0403 0104 0303 0101 0404 0402 0302 0101 0103 0304 0304 0304 0104 0402 0101 0303 0202 0101 0102 0303 0302 0303 0303 0401 0104 
99, 0202 0201 0403 0404 0201 0101 0201 0302 0301 0102 0104 0104 0403 0104 0403 0304 0203 0103 0401 0303 0104 0103 0403 0404 0202 0202 0103 0402 0304 0301 0203 0103 0202 0401 0201 0402 0403 0301 0402 0204 0202 0203 0403 0404 0301 0204 0404 0102 0301 0402 0402 0403 0302 0103 0404 0204 0404 0203 0404 0303 0402 0203 0103 0104 0101 0403 0203 0202 0201 0204 0201 0103 0201 0104 0303 0101 0403 0304 0404 0201 
100, 0104 0403 0103 0302 0302 0402 0402 0202 0204 0403 0202 0104 0402 0102 0201 0402 0102 0401 0302 0402 0202 0104 0402 0402 0302 0101 0301 0401 0404 0303 0104 0401 0204 0402 0301 0104 0403 0301 0202 0102 0202 0202 0303 0401 0404 0202 0404 0102 0104 0301 0202 0302 0402 0203 0302 0402 0302 0302 0401 0402 0104 0202 0201 0301 0101 0301 0203 0104 0103 0304 0303 0403 0101 0404 0204 0404 0404 0102 0204 0403 
