Auto-generated genotype output.
1
2
3
4
5
6
7
8
9
10
11
12
13
14
15
16
17
18
19
20
21
22
23
24
25
26
27
28
29
30
31
32
33
34
35
36
37
38
39
40
Pop
1, 0404 0304 0402 0201 0203 0203 0402 0101 0303 0202 0103 0104 0401 0104 0301 0301 0103 0402 0201 0301 0202 0302 0401 0201 0103 0301 0102 0403 0302 0203 0201 0403 0302 0103 0104 0404 0101 0102 0301 0204 
2, 0203 0102 0103 0302 0202 0402 0303 0303 0204 0303 0302 0301 0103 0401 0303 0302 0301 0102 0401 0104 0101 0102 0304 0204 0303 0302 0102 0103 0403 0102 0303 0301 0101 0401 0403 0101 0101 0104 0204 0304 
3, 0403 0102 0103 0103 0104 0103 0102 0201 0303 0303 0303 0401 0302 0201 0401 0104 0404 0101 0401 0101 0303 0303 0404 0203 0304 0302 0302 0204 0403 0102 0202 0303 0204 0204 0404 0401 0404 0304 0201 0304 
4, 0202 0301 0404 0103 0303 0403 0102 0403 0403 0201 0404 0103 0303 0101 0303 0202 0301 0201 0203 0201 0404 0103 0404 0101 0303 0101 0404 0102 0403 0303 0101 0203 0101 0404 0302 0404 0201 0301 0302 0403 
5, 0103 0202 0102 0101 0303 0203 0403 0303 0404 0301 0404 0102 0201 0402 0402 0103 0403 0402 0102 0104 0201 0203 0404 0103 0402 0203 0304 0401 0103 0201 0304 0303 0401 0401 0104 0403 0302 0304 0201 0104 
6, 0301 0101 0403 0404 0102 0203 0104 0404 0202 0201 0104 0103 0402 0204 0304 0104 0403 0302 0103 0404 0302 0203 0104 0101 0404 0104 0403 0403 0403 0401 0303 0302 0401 0301 0403 0402 0302 0401 0201 0203 
7, 0404 0204 0303 0402 0103 0104 0202 0201 0402 0202 0104 0201 0403 0401 0304 0401 0203 0404 0404 0101 0101 0103 0201 0101 0303 0201 0402 0303 0202 0204 0101 0303 0402 0403 0104 0203 0203 0101 0101 0104 
8, 0201 0104 0303 0402 0301 0204 0302 0401 0303 0302 0103 0102 0304 0201 0201 0104 0302 0301 0404 0101 0404 0304 0302 0201 0301 0404 0401 0202 0301 0401 0103 0103 0401 0401 0101 0202 0201 0403 0102 0202 
9, 0303 0202 0201 0403 0204 0304 0404 0301 0304 0203 0401 0301 0202 0202 0404 0303 0203 0203 0101 0304 0101 0204 0304 0301 0102 0101 0404 0104 0403 0201 0302 0303 0304 0404 0402 0302 0104 0302 0303 0404 
10, 0103 0404 0201 0202 0402 0204 0102 0202 0202 0202 0101 0101 0302 0104 0303 0104 0103 0401 0402 0301 0401 0404 0103 0403 0303 0303 0303 0101 0404 0401 0303 0302 0402 0401 0302 0404 0401 0403 0302 0202 
11, 0202 0402 0104 0404 0102 0404 0303 0302 0402 0303 0401 0301 0304 0202 0301 0301 0103 0301 0404 0202 0103 0403 0302 0403 0201 0202 0204 0101 0302 0403 0201 0302 0404 0102 0301 0303 0201 0303 0201 0304 
12, 0203 0203 0402 0204 0203 0203 0304 0202 0404 0303 0204 0201 0403 0101 0301 0301 0103 0301 0102 0402 0303 0204 0202 0401 0204 0304 0401 0204 0104 0101 0404 0301 0304 0302 0103 0403 0402 0202 0101 0203 
13, 0101 0104 0101 0304 0303 0203 0303 0103 0404 0203 0202 0301 0303 0302 0301 0201 0402 0402 0102 0102 0303 0303 0103 0101 0304 0101 0401 0104 0401 0204 0304 0202 0104 0404 0302 0401 0201 0204 0404 0304 
14, 0203 0204 0102 0402 0101 0301 0203 0204 0301 0204 0204 0403 0304 0203 0301 0103 0402 0301 0102 0102 0202 0301 0302 0403 0404 0203 0103 0404 0404 0203 0304 0102 0304 0104 0201 0202 0102 0401 0402 0202 
15, 0201 0201 0302 0403 0402 0302 0303 0101 0404 0101 0102 0301 0303 0302 0303 0303 0202 0102 0303 0401 0303 0104 0404 0101 0402 0303 0402 0203 0201 0304 0401 0402 0204 0104 0103 0102 0404 0102 0202 0203 
16, 0202 0402 0402 0303 0402 0404 0204 0303 0202 0203 0201 0201 0303 0402 0101 0202 0104 0104 0204 0103 0302 0204 0103 0301 0401 0201 0303 0402 0204 0404 0302 0103 0201 0402 0101 0404 0402 0401 0101 0102 
17, 0203 0204 0101 0203 0103 0302 0303 0103 0302 0303 0102 0204 0103 0101 0403 0302 0303 0202 0402 0403 0304 0401 0304 0301 0301 0203 0204 0103 0303 0102 0201 0303 0101 0303 0401 0304 0103 0302 0104 0102 
18, 0302 0403 0201 0204 0403 0401 0204 0101 0203 0103 0203 0102 0303 0102 0103 0103 0401 0402 0101 0101 0403 0204 0104 0304 0403 0202 0304 0404 0404 0201 0201 0201 0403 0103 0203 0104 0401 0403 0202 0202 
19, 0203 0104 0201 0104 0301 0404 0301 0104 0204 0201 0101 0302 0204 0401 0303 0103 0201 0401 0203 0101 0302 0204 0103 0302 0103 0102 0203 0101 0303 0104 0204 0302 0104 0303 0303 0101 0401 0203 0202 0403 
20, 0201 0101 0202 0403 0301 0303 0302 0302 0304 0401 0102 0301 0302 0303 0102 0303 0303 0402 0103 0101 0201 0303 0304 0404 0302 0203 0201 0303 0402 0104 0201 0302 0401 0304 0403 0402 0204 0203 0301 0304 
21, 0401 0302 0403 0202 0402 0201 0404 0201 0404 0102 0102 0104 0202 0304 0104 0303 0301 0104 0101 0202 0102 0304 0204 0103 0201 0204 0404 0204 0102 0401 0402 0301 0403 0403 0202 0101 0403 0301 0102 0301 
22, 0104 0204 0204 0103 0202 0404 0304 0101 0103 0202 0101 0104 0304 0201 0403 0301 0102 0101 0104 0201 0303 0301 0404 0101 0204 0103 0404 0402 0202 0203 0403 0201 0204 0201 0302 0402 0401 0103 0304 0303 
23, 0303 0201 0404 0304 0404 0101 0103 0102 0404 0201 0302 0102 0102 0201 0401 0303 0203 0302 0303 0101 0104 0401 0102 0302 0204 0301 0304 0103 0103 0104 0202 0203 0203 0104 0301 0104 0304 0301 0104 0402 
24, 0303 0204 0404 0204 0304 0104 0101 0402 0403 0404 0203 0202 0401 0103 0404 0301 0101 0201 0204 0102 0402 0102 0403 0401 0403 0201 0403 0302 0202 0303 0203 0103 0403 0302 0403 0404 0401 0303 0102 0402 
25, 0401 0202 0203 0204 0303 0403 0403 0104 0203 0404 0304 0103 0204 0403 0103 0302 0101 0401 0303 0201 0403 0204 0404 0201 0303 0302 0204 0404 0104 0303 0203 0101 0404 0402 0204 0202 0202 0402 0201 0103 
26, 0402 0301 0401 0302 0202 0404 0202 0201 0303 0201 0102 0101 0204 0404 0303 0303 0201 0303 0201 0203 0304 0203 0301 0303 0103 0303 0104 0304 0401 0404 0404 0203 0404 0101 0103 0303 0104 0301 0303 0404 
27, 0304 0302 0104 0403 0303 0302 0304 0102 0301 0203 0102 0304 0201 0303 0303 0303 0402 0402 0402 0301 0401 0403 0103 0302 0403 0401 0404 0303 0204 0203 0203 0401 0104 0403 0103 0404 0102 0204 0201 0204 
28, 0101 0302 0204 0303 0303 0203 0103 0204 0101 0203 0104 0102 0303 0302 0101 0303 0102 0104 0102 0203 0401 0101 0403 0402 0402 0203 0104 0401 0402 0401 0204 0101 0201 0403 0303 0303 0401 0202 0101 0304 
29, 0202 0202 0201 0302 0303 0401 0404 0201 0403 0103 0201 0302 0304 0202 0203 0203 0401 0104 0201 0404 0103 0204 0201 0204 0403 0302 0404 0402 0302 0102 0304 0401 0303 0203 0203 0404 0201 0103 0304 0203 
30, 0301 0304 0304 0404 0301 0304 0403 0202 0101 0201 0402 0104 0401 0104 0101 0202 0301 0103 0104 0101 0403 0204 0204 0204 0403 0301 0102 0402 0103 0402 0203 0304 0303 0201 0201 0402 0201 0102 0402 0404 
31, 0303 0101 0201 0104 0301 0403 0202 0303 0204 0202 0102 0401 0301 0204 0402 0204 0202 0402 0101 0201 0401 0203 0201 0301 0104 0202 0104 0204 0402 0103 0202 0402 0304 0302 0201 0303 0403 0404 0101 0202 
32, 0402 0402 0202 0302 0104 0403 0201 0303 0401 0304 0302 0303 0302 0302 0102 0402 0201 0301 0202 0301 0203 0204 0103 0303 0203 0303 0201 0303 0302 0103 0104 0301 0103 0104 0203 0301 0104 0201 0102 0102 
33, 0203 0302 0404 0202 0403 0402 0401 0103 0202 0301 0401 0401 0204 0303 0204 0101 0203 0404 0302 0304 0101 0301 0103 0404 0403 0203 0403 0403 0104 0101 0301 0301 0404 0402 0304 0102 0301 0303 0404 0201 
34, 0201 0403 0402 0201 0303 0302 0202 0103 0203 0202 0304 0401 0303 0403 0403 0403 0301 0404 0102 0101 0202 0301 0102 0104 0301 0103 0403 0104 0402 0404 0301 0204 0102 0303 0403 0403 0101 0304 0201 0401 
35, 0201 0202 0302 0301 0304 0103 0402 0103 0204 0202 0404 0302 0301 0301 0301 0202 0104 0104 0302 0201 0401 0102 0101 0301 0403 0301 0303 0101 0202 0303 0202 0303 0102 0404 0404 0402 0403 0201 0304 0201 
36, 0303 0204 0403 0402 0201 0101 0404 0204 0204 0402 0104 0301 0403 0202 0302 0401 0103 0404 0104 0402 0303 0102 0203 0202 0204 0303 0202 0104 0202 0102 0204 0304 0302 0104 0204 0404 0202 0401 0304 0402 
37, 0202 0101 0302 0201 0302 0402 0101 0102 0201 0203 0302 0302 0404 0404 0204 0204 0302 0301 0404 0104 0204 0103 0303 0102 0304 0103 0203 0104 0404 0403 0302 0301 0204 0301 0401 0404 0304 0104 0104 0102 
38, 0303 0302 0404 0402 0303 0401 0402 0401 0301 0304 0101 0403 0301 0201 0403 0303 0104 0204 0101 0401 0301 0103 0402 0101 0302 0104 0302 0404 0204 0104 0104 0302 0403 0201 0202 0404 0202 0304 0104 0301 
39, 0304 0202 0202 0104 0201 0404 0401 0201 0403 0401 0103 0201 0204 0203 0101 0404 0103 0402 0103 0201 0303 0103 0203 0301 0201 0304 0304 0201 0403 0104 0204 0303 0403 0102 0303 0301 0302 0402 0302 0101 
40, 0301 0202 0204 0103 0302 0401 0302 0301 0204 0102 0303 0101 0404 0102 0303 0301 0103 0204 0101 0201 0401 0204 0204 0302 0104 0403 0101 0203 0301 0202 0403 0203 0303 0102 0303 0201 0104 0304 0302 0101 
41, 0102 0401 0301 0102 0303 0404 0202 0101 0301 0101 0203 0301 0202 0304 0203 0201 0303 0101 0201 0102 0203 0403 0101 0103 0303 0104 0401 0304 0402 0403 0203 0302 0401 0302 0101 0404 0202 0402 0201 0103 
42, 0201 0401 0304 0203 0304 0104 0302 0101 0201 0403 0101 0401 0302 0402 0303 0303 0402 0404 0202 0104 0201 0301 0101 0301 0103 0302 0204 0404 0301 0401 0402 0404 0103 0204 0304 0102 0402 0204 0304 0202 
43, 0102 0201 0301 0301 0302 0304 0203 0202 0404 0203 0101 0403 0102 0402 0103 0304 0102 0203 0102 0102 0302 0104 0102 0301 0203 0304 0302 0201 0301 0203 0302 0303 0202 0402 0302 0103 0201 0201 0302 0202 
44, 0303 0102 0402 0404 0303 0403 0201 0103 0302 0301 0304 0103 0403 0103 0301 0102 0201 0404 0101 0202 0304 0402 0203 0303 0301 0402 0204 0304 0304 0104 0201 0402 0204 0403 0302 0201 0401 0204 0301 0302 
45, 0103 0202 0202 0402 0103 0304 0401 0201 0204 0102 0103 0304 0401 0101 0104 0401 0304 0202 0203 0104 0401 0102 0402 0101 0301 0303 0404 0301 0103 0403 0404 0303 0302 0101 0303 0101 0104 0104 0402 0103 
46, 0404 0301 0202 0202 0302 0204 0404 0102 0404 0302 0102 0103 0303 0304 0204 0401 0402 0403 0401 0303 0103 0303 0404 0304 0401 0204 0104 0204 0402 0203 0202 0303 0404 0403 0104 0203 0402 0401 0102 0304 
47, 0201 0203 0204 0203 0304 0102 0304 0301 0204 0202 0102 0203 0202 0204 0301 0204 0301 0404 0103 0204 0202 0403 0401 0304 0104 0203 0304 0101 0401 0104 0402 0303 0401 0203 0301 0403 0203 0102 0201 0101 
48, 0301 0303 0204 0301 0301 0201 0302 0303 0301 0103 0201 0304 0401 0203 0101 0303 0202 0101 0202 0101 0303 0202 0104 0403 0304 0303 0203 0404 0304 0301 0304 0103 0202 0403 0301 0304 0202 0103 0202 0102 
49, 0302 0204 0203 0401 0402 0404 0203 0401 0404 0302 0303 0401 0303 0401 0403 0304 0204 0404 0203 0102 0101 0104 0401 0401 0104 0304 0204 0104 0104 0401 0102 0302 0301 0103 0204 0404 0204 0401 0102 0301 
50, 0201 0202 0403 0301 0101 0303 0102 0403 0104 0401 0202 0201 0301 0403 0103 0404 0101 0304 0101 0203 0202 0203 0401 0104 0401 0103 0302 0401 0401 0203 0402 0403 0403 0102 0203 0403 0101 0103 0103 0302 
51, 0201 0104 0401 0103 0102 0301 0203 0202 0404 0403 0101 0104 0302 0303 0303 0304 0204 0402 0101 0101 0301 0303 0304 0403 0304 0103 0404 0403 0404 0404 0202 0303 0401 0104 0301 0204 0402 0302 0202 0202 
52, 0303 0103 0104 0101 0403 0103 0303 0101 0404 0103 0404 0402 0302 0403 0403 0102 0403 0401 0102 0203 0401 0102 0102 0201 0304 0203 0401 0404 0101 0103 0204 0404 0201 0404 0304 0103 0302 0104 0204 0103 
53, 0302 0302 0204 0404 0104 0301 0301 0202 0203 0302 0204 0403 0103 0203 0103 0104 0102 0201 0301 0303 0404 0402 0202 0102 0404 0201 0401 0404 0404 0302 0401 0301 0404 0404 0104 0104 0102 0102 0102 0103 
54, 0101 0202 0404 0204 0301 0203 0103 0301 0403 0304 0202 0204 0304 0202 0301 0102 0401 0103 0102 0101 0404 0301 0204 0104 0102 0301 0304 0302 0401 0102 0403 0301 0303 0304 0101 0303 0404 0102 0402 0202 
55, 0204 0201 0201 0302 0303 0404 0102 0103 0102 0201 0103 0201 0102 0404 0403 0301 0102 0201 0202 0101 0103 0301 0404 0303 0404 0204 0304 0101 0202 0201 0403 0201 0401 0402 0101 0404 0203 0202 0402 0103 
56, 0402 0202 0204 0203 0101 0403 0402 0104 0204 0302 0401 0101 0404 0102 0201 0401 0102 0402 0103 0104 0201 0104 0404 0102 0403 0303 0404 0402 0102 0404 0404 0404 0401 0401 0102 0302 0102 0401 0201 0302 
57, 0101 0202 0102 0204 0102 0104 0302 0302 0302 0402 0101 0104 0203 0402 0103 0302 0402 0103 0104 0402 0402 0402 0303 0201 0403 0403 0303 0103 0404 0401 0202 0404 0201 0402 0202 0304 0303 0102 0104 0303 
58, 0102 0302 0403 0204 0303 0402 0103 0303 0403 0303 0201 0103 0303 0102 0301 0301 0401 0201 0104 0201 0201 0202 0403 0102 0304 0301 0404 0401 0104 0101 0103 0301 0402 0204 0303 0401 0202 0402 0401 0202 
59, 0204 0402 0204 0403 0302 0404 0302 0301 0201 0103 0401 0302 0401 0202 0303 0102 0104 0101 0201 0101 0103 0401 0102 0203 0404 0104 0103 0402 0301 0204 0303 0401 0403 0302 0201 0401 0102 0303 0201 0302 
60, 0303 0301 0101 0402 0103 0104 0302 0401 0204 0303 0103 0301 0102 0403 0301 0304 0203 0102 0303 0201 0104 0202 0103 0404 0303 0402 0204 0401 0202 0301 0403 0301 0303 0304 0202 0102 0203 0103 0404 0403 
61, 0401 0402 0404 0303 0403 0303 0304 0304 0302 0201 0101 0304 0403 0102 0403 0304 0102 0404 0203 0404 0401 0401 0204 0301 0404 0203 0404 0102 0402 0403 0204 0201 0204 0301 0302 0402 0304 0201 0102 0201 
62, 0303 0303 0203 0402 0303 0201 0403 0203 0104 0403 0203 0103 0201 0302 0302 0303 0104 0101 0103 0204 0403 0104 0402 0404 0404 0204 0103 0404 0201 0103 0202 0204 0403 0404 0301 0303 0402 0202 0302 0203 
63, 0402 0301 0402 0303 0301 0304 0301 0102 0204 0201 0302 0104 0304 0202 0303 0301 0301 0104 0104 0101 0102 0102 0402 0102 0404 0302 0104 0403 0401 0402 0104 0203 0403 0104 0402 0403 0404 0102 0204 0202 
64, 0303 0104 0102 0104 0301 0302 0303 0101 0401 0203 0101 0101 0202 0201 0404 0204 0201 0104 0103 0201 0403 0302 0203 0204 0101 0101 0101 0403 0404 0103 0204 0402 0301 0301 0101 0301 0402 0103 0104 0103 
65, 0102 0201 0304 0103 0403 0303 0402 0302 0203 0201 0102 0301 0204 0302 0303 0303 0404 0403 0301 0103 0403 0402 0403 0403 0203 0103 0303 0404 0102 0203 0303 0403 0104 0301 0303 0303 0404 0401 0203 0204 
66, 0303 0404 0204 0201 0302 0304 0102 0102 0403 0303 0201 0304 0303 0403 0102 0201 0403 0103 0401 0104 0402 0201 0402 0303 0304 0302 0401 0202 0402 0403 0203 0402 0302 0403 0102 0104 0402 0301 0404 0403 
67, 0302 0202 0102 0203 0302 0404 0104 0403 0302 0202 0301 0401 0303 0302 0303 0202 0104 0104 0103 0101 0202 0204 0403 0301 0201 0103 0104 0204 0101 0403 0202 0202 0401 0102 0402 0302 0402 0201 0301 0103 
68, 0203 0201 0204 0102 0104 0104 0304 0203 0404 0403 0101 0103 0403 0302 0301 0203 0202 0101 0201 0202 0101 0401 0203 0403 0202 0204 0202 0403 0304 0202 0203 0201 0102 0201 0402 0401 0401 0204 0201 0202 
69, 0103 0202 0404 0204 0404 0203 0301 0102 0404 0402 0204 0302 0404 0101 0203 0204 0102 0101 0101 0104 0304 0402 0301 0402 0403 0303 0404 0101 0203 0402 0404 0201 0203 0104 0103 0404 0202 0201 0304 0303 
70, 0203 0303 0402 0304 0304 0302 0103 0203 0404 0201 0203 0301 0402 0203 0203 0201 0102 0102 0401 0404 0102 0201 0201 0203 0403 0303 0103 0403 0304 0301 0401 0403 0302 0302 0204 0404 0203 0101 0104 0203 
71, 0302 0201 0304 0202 0303 0304 0303 0301 0102 0404 0104 0101 0302 0103 0404 0403 0402 0101 0403 0301 0402 0403 0304 0302 0401 0101 0203 0303 0401 0404 0402 0201 0104 0203 0302 0103 0301 0204 0101 0303 
72, 0104 0202 0404 0202 0302 0301 0403 0102 0104 0202 0303 0301 0102 0303 0302 0401 0204 0204 0104 0102 0204 0403 0204 0101 0404 0303 0102 0204 0401 0303 0203 0401 0404 0204 0403 0401 0104 0204 0402 0401 
73, 0303 0202 0204 0104 0101 0301 0204 0301 0103 0203 0102 0201 0303 0201 0402 0303 0202 0101 0201 0201 0402 0202 0102 0302 0401 0101 0303 0401 0204 0304 0401 0304 0401 0404 0104 0403 0104 0401 0102 0204 
74, 0401 0204 0404 0402 0202 0204 0302 0402 0301 0102 0402 0403 0402 0304 0301 0401 0204 0104 0404 0401 0203 0204 0101 0103 0301 0303 0401 0101 0403 0204 0302 0403 0403 0103 0101 0102 0301 0201 0402 0202 
75, 0302 0401 0304 0402 0102 0304 0204 0301 0303 0301 0302 0401 0302 0401 0103 0303 0401 0302 0301 0401 0204 0104 0104 0204 0304 0403 0204 0203 0202 0403 0303 0103 0104 0301 0203 0103 0102 0103 0303 0404 
76, 0302 0301 0202 0403 0303 0404 0204 0203 0203 0103 0304 0104 0203 0104 0103 0404 0303 0104 0301 0102 0401 0401 0104 0401 0404 0402 0303 0304 0103 0401 0101 0303 0302 0404 0204 0401 0202 0101 0202 0404 
77, 0303 0202 0201 0403 0101 0401 0202 0102 0303 0204 0304 0104 0203 0301 0403 0102 0204 0104 0102 0403 0203 0201 0101 0203 0104 0203 0204 0101 0403 0403 0303 0204 0104 0304 0203 0303 0102 0203 0202 0304 
78, 0401 0204 0403 0301 0102 0401 0203 0403 0303 0204 0103 0201 0303 0402 0401 0204 0203 0101 0101 0201 0304 0104 0203 0302 0404 0201 0303 0404 0202 0304 0202 0104 0203 0404 0103 0404 0101 0402 0104 0203 
79, 0304 0202 0103 0203 0203 0402 0104 0404 0204 0201 0404 0303 0101 0401 0201 0402 0303 0103 0402 0204 0203 0402 0303 0303 0303 0304 0102 0404 0402 0101 0103 0203 0202 0401 0304 0401 0404 0303 0204 0302 
80, 0303 0304 0103 0104 0303 0403 0403 0104 0203 0403 0103 0103 0403 0102 0204 0104 0201 0104 0102 0304 0204 0401 0301 0103 0204 0302 0401 0103 0404 0103 0102 0102 0104 0202 0304 0201 0204 0403 0202 0202 
81, 0404 0201 0403 0103 0202 0404 0303 0104 0401 0101 0102 0201 0402 0101 0401 0102 0401 0101 0304 0301 0204 0104 0103 0301 0304 0101 0304 0202 0301 0403 0401 0203 0304 0201 0201 0302 0404 0201 0202 0402 
82, 0104 0401 0304 0204 0103 0103 0304 0402 0404 0403 0302 0201 0403 0301 0303 0201 0202 0102 0202 0302 0404 0404 0104 0104 0304 0204 0201 0403 0302 0204 0404 0201 0104 0404 0404 0304 0404 0202 0203 0203 
83, 0102 0202 0203 0204 0303 0403 0202 0202 0103 0204 0302 0402 0302 0101 0403 0301 0101 0104 0402 0101 0404 0302 0404 0304 0104 0202 0103 0404 0201 0401 0202 0203 0304 0204 0304 0301 0303 0103 0204 0204 
84, 0102 0202 0201 0303 0202 0401 0402 0404 0304 0203 0301 0103 0204 0104 0102 0101 0303 0101 0204 0203 0403 0204 0302 0301 0203 0302 0403 0404 0402 0403 0302 0403 0204 0102 0104 0103 0404 0201 0201 0204 
85, 0303 0201 0404 0202 0102 0402 0202 0101 0304 0303 0302 0104 0301 0304 0401 0101 0101 0303 0104 0402 0202 0204 0403 0104 0101 0404 0204 0204 0403 0402 0202 0403 0104 0301 0204 0104 0403 0203 0203 0301 
86, 0402 0202 0104 0104 0403 0204 0304 0401 0402 0403 0203 0301 0303 0203 0404 0402 0101 0301 0302 0201 0302 0302 0402 0302 0401 0402 0404 0304 0404 0104 0203 0202 0102 0304 0304 0403 0104 0303 0402 0302 
87, 0303 0404 0302 0202 0102 0202 0201 0303 0201 0304 0201 0301 0303 0102 0402 0304 0404 0301 0103 0104 0401 0204 0403 0403 0402 0201 0301 0401 0101 0201 0203 0302 0402 0101 0202 0404 0402 0301 0201 0302 
88, 0201 0204 0304 0201 0101 0303 0303 0202 0302 0302 0202 0203 0102 0202 0104 0303 0101 0401 0102 0104 0401 0202 0201 0102 0402 0201 0402 0404 0401 0304 0201 0303 0304 0202 0304 0402 0302 0102 0204 0104 
89, 0302 0201 0403 0301 0403 0403 0301 0403 0304 0203 0302 0301 0301 0201 0402 0301 0401 0401 0303 0104 0101 0404 0203 0103 0402 0404 0303 0303 0201 0102 0203 0203 0403 0204 0301 0401 0404 0303 0402 0203 
90, 0401 0402 0104 0303 0102 0302 0101 0303 0102 0402 0104 0103 0404 0202 0102 0403 0204 0201 0104 0301 0202 0104 0402 0401 0103 0401 0402 0101 0102 0301 0202 0203 0404 0402 0301 0201 0103 0401 0202 0202 
91, 0103 0202 0102 0401 0404 0303 0203 0403 0301 0204 0202 0101 0304 0103 0204 0203 0201 0202 0404 0104 0204 0102 0203 0203 0101 0403 0101 0403 0203 0201 0204 0304 0402 0202 0102 0101 0102 0201 0202 0303 
92, 0102 0103 0304 0101 0304 0103 0303 0403 0301 0202 0201 0201 0302 0301 0104 0303 0401 0304 0201 0101 0401 0402 0401 0401 0403 0301 0401 0102 0201 0203 0202 0404 0101 0402 0404 0303 0202 0204 0204 0401 
93, 0303 0102 0403 0101 0203 0104 0204 0103 0104 0202 0401 0204 0201 0401 0104 0101 0402 0103 0102 0104 0303 0102 0203 0301 0101 0403 0203 0101 0403 0404 0202 0102 0203 0304 0204 0404 0104 0203 0302 0102 
94, 0301 0202 0304 0401 0302 0304 0401 0301 0104 0302 0101 0304 0302 0301 0304 0103 0304 0104 0101 0301 0102 0102 0403 0203 0404 0401 0101 0304 0201 0301 0302 0102 0304 0103 0302 0101 0404 0102 0101 0301 
95, 0402 0301 0304 0401 0303 0304 0403 0103 0303 0402 0403 0303 0302 0204 0103 0303 0404 0204 0301 0102 0304 0202 0303 0101 0204 0202 0301 0204 0104 0101 0401 0303 0101 0404 0302 0304 0304 0102 0304 0301 
96, 0401 0103 0203 0102 0404 0304 0201 0204 0403 0401 0102 0102 0402 0303 0303 0304 0302 0402 0402 0103 0301 0302 0304 0202 0304 0101 0401 0201 0104 0201 0202 0304 0404 0103 0103 0204 0201 0301 0202 0203 
97, 0101 0201 0203 0403 0402 0204 0102 0201 0303 0304 0202 0301 0204 0101 0203 0103 0204 0201 0403 0201 0104 0101 0202 0401 0301 0102 0404 0402 0403 0401 0302 0203 0103 0404 0402 0204 0301 0202 0102 0202 
98, 0101 0101 0203 0204 0303 0304 0404 0202 0201 0102 0401 0301 0404 0401 0403 0201 0101 0201 0402 0401 0401 0304 0303 0302 0301 0301 0202 0303 0103 0404 0303 0303 0304 0104 0302 0402 0401 0304 0203 0204 
99, 0104 0202 0404 0104 0203 0102 0302 0301 0303 0301 0302 0304 0204 0104 0101 0101 0104 0302 0101 0101 0102 0302 0304 0103 0103 0401 0104 0302 0403 0401 0204 0404 0303 0203 0303 0303 0202 0103 0202 0302 
100, 0301 0202 0202 0103 0302 0204 0303 0401 0403 0202 0303 0203 0304 0302 0303 0101 0103 0304 0401 0401 0401 0201 0204 0202 0401 0403 0403 0403 0302 0102 0203 0403 0104 0201 0303 0204 0404 0304 0102 0201
