Generated genotype output
1
2
3
4
5
6
7
8
9
10
11
12
13
14
15
16
17
18
19
20
21
22
23
24
25
26
27
28
29
30
31
32
33
34
35
36
37
38
39
40
41
42
43
44
45
46
47
48
49
50
51
52
53
54
55
56
57
58
59
60
61
62
63
64
65
66
67
68
69
70
71
72
73
74
75
76
77
78
79
80
81
82
83
84
85
86
87
88
89
90
91
92
93
94
95
96
97
98
99
100
101
102
103
104
105
106
107
108
109
110
111
112
113
114
115
116
117
118
119
120
121
122
123
124
125
126
127
128
129
130
131
132
133
134
135
136
137
138
139
140
141
142
143
144
145
146
147
148
149
150
151
152
153
154
155
156
157
158
159
160
161
162
163
164
165
166
167
168
169
170
171
172
173
174
175
176
177
178
179
180
181
182
183
184
185
186
187
188
189
190
191
192
193
194
195
196
197
198
199
200
201
202
203
204
205
206
207
208
209
210
211
212
213
214
215
216
217
218
219
220
221
222
223
224
225
226
227
228
229
230
231
232
233
234
235
236
237
238
239
240
241
242
243
244
245
246
247
248
249
250
251
252
253
254
255
256
257
258
259
260
261
262
263
264
265
266
267
268
269
270
271
272
273
274
275
276
277
278
279
280
281
282
283
284
285
286
287
288
289
290
291
292
293
294
295
296
297
298
299
300
301
302
303
304
305
306
307
308
309
310
311
312
313
314
315
316
317
318
319
320
Pop
1 , 0102 0102 0101 0304 0402 0402 0304 0401 0301 0102 0404 0401 0302 0202 0002 0303 0104 0101 0302 0202 0103 0202 0201 0200 0400 0302 0004 0401 0303 0102 0200 0004 0404 0301 0003 0203 0403 0003 0303 0400 0302 0204 0403 0302 0403 0003 0304 0102 0302 0302 0102 0402 0104 0203 0102 0202 0104 0101 0404 0402 0304 0102 0302 0200 0102 0104 0102 0401 0102 0401 0302 0104 0101 0104 0203 0301 0402 0204 0003 0304 0102 0300 0203 0402 0000 0303 0301 0304 0104 0102 0104 0104 0403 0101 0404 0000 0301 0103 0401 0201 0402 0403 0102 0400 0003 0104 0103 0202 0004 0204 0101 0202 0204 0404 0403 0203 0404 0000 0202 0100 0303 0304 0300 0101 0004 0404 0404 0402 0303 0404 0001 0403 0303 0400 0403 0003 0000 0202 0100 0000 0203 0303 0403 0102 0102 0404 0003 0103 0202 0102 0104 0202 0002 0202 0002 0001 0201 0301 0102 0301 0202 0302 0301 0301 0402 0403 0304 0200 0301 0002 0404 0401 0302 0203 0102 0303 0104 0100 0302 0002 0403 0102 0203 0103 0400 0302 0000 0401 0303 0402 0202 0204 0404 0301 0303 0203 0203 0201 0303 0401 0302 0204 0403 0002 0403 0303 0304 0102 0302 0002 0302 0002 0104 0403 0002 0302 0104 0101 0404 0402 0004 0102 0304 0203 0102 0100 0101 0401 0102 0401 0302 0104 0101 0204 0003 0304 0402 0204 0203 0404 0102 0302 0203 0402 0302 0303 0301 0303 0100 0004 0104 0104 0403 0101 0404 0302 0301 0102 0403 0104 0402 0403 0102 0400 0303 0104 0103 0200 0104 0104 0101 0202 0204 0004 0403 0102 0204 0001 0202 0102 0300 0304 0303 0201 0103 0402 0304 0402 0303 0404 0001 0400 0103 0400 0403 0303 0403 0202 0102 0202 0203 0203 0403 0002 0004 0401 0203 0101 0202 0102 0304 0203 0402 0002 0104 0104 0204 0301 0104 0301
2 , 0102 0102 0000 0301 0402 0402 0303 0000 0301 0102 0000 0401 0302 0203 0102 0303 0104 0101 0302 0202 0403 0102 0301 0103 0402 0304 0304 0401 0403 0400 0202 0204 0204 0301 0003 0203 0403 0201 0303 0401 0302 0004 0403 0302 0403 0403 0304 0003 0300 0202 0302 0402 0104 0203 0202 0002 0104 0101 0400 0402 0304 0100 0304 0201 0102 0104 0101 0001 0102 0401 0302 0104 0101 0104 0203 0301 0102 0204 0203 0404 0001 0402 0203 0402 0302 0303 0103 0403 0104 0104 0104 0104 0403 0101 0104 0302 0303 0103 0401 0104 0400 0402 0102 0403 0402 0104 0103 0202 0004 0104 0401 0302 0004 0404 0403 0003 0304 0401 0202 0102 0303 0301 0303 0201 0204 0404 0304 0402 0303 0404 0100 0403 0103 0003 0404 0303 0403 0202 0102 0201 0203 0203 0403 0302 0002 0404 0203 0103 0202 0101 0103 0203 0402 0200 0104 0101 0204 0300 0102 0301 0102 0104 0101 0403 0402 0402 0304 0001 0301 0104 0404 0401 0002 0203 0102 0303 0204 0101 0002 0402 0004 0202 0201 0103 0402 0302 0100 0401 0303 0402 0202 0404 0404 0301 0303 0203 0003 0201 0303 0400 0300 0204 0003 0302 0403 0403 0302 0102 0301 0302 0302 0400 0104 0203 0202 0302 0104 0101 0403 0402 0004 0102 0304 0200 0102 0104 0304 0001 0202 0401 0302 0302 0101 0104 0200 0301 0402 0304 0203 0404 0002 0304 0203 0400 0000 0303 0301 0003 0104 0104 0104 0104 0403 0100 0404 0302 0301 0103 0201 0100 0402 0403 0102 0403 0403 0104 0103 0202 0104 0104 0102 0202 0204 0404 0403 0103 0204 0101 0002 0102 0303 0304 0303 0101 0104 0404 0304 0402 0303 0404 0200 0403 0203 0403 0400 0303 0403 0202 0102 0202 0200 0200 0400 0102 0100 0404 0203 0103 0002 0102 0104 0203 0402 0202 0104 0101 0204 0301 0102 0401
3 , 0002 0002 0101 0301 0402 0402 0304 0101 0301 0102 0400 0400 0302 0203 0102 0303 0004 0101 0302 0200 0403 0102 0001 0103 0402 0302 0104 0401 0302 0402 0202 0204 0404 0003 0303 0200 0403 0201 0403 0001 0002 0204 0400 0302 0303 0403 0304 0102 0002 0002 0302 0402 0204 0203 0202 0302 0104 0101 0404 0402 0304 0102 0304 0201 0102 0104 0101 0301 0400 0201 0102 0104 0001 0104 0203 0301 0400 0201 0202 0404 0100 0300 0203 0400 0302 0303 0301 0003 0104 0004 0304 0104 0402 0001 0402 0002 0301 0103 0400 0101 0402 0103 0102 0400 0403 0104 0103 0200 0104 0004 0101 0202 0204 0404 0401 0303 0304 0201 0202 0102 0303 0000 0303 0201 0104 0404 0004 0002 0303 0404 0101 0403 0103 0403 0403 0303 0401 0200 0102 0201 0003 0203 0403 0102 0202 0101 0203 0103 0202 0102 0004 0200 0402 0202 0004 0300 0204 0301 0102 0301 0000 0102 0201 0301 0102 0402 0300 0101 0301 0102 0404 0001 0300 0201 0102 0301 0104 0101 0302 0202 0403 0202 0201 0103 0402 0302 0100 0400 0303 0302 0202 0204 0003 0401 0303 0202 0403 0201 0202 0401 0302 0204 0403 0300 0403 0003 0301 0000 0302 0202 0302 0402 0204 0003 0202 0302 0104 0101 0404 0402 0300 0102 0304 0204 0101 0104 0101 0401 0402 0201 0302 0104 0100 0104 0003 0301 0400 0204 0203 0404 0102 0302 0203 0402 0302 0303 0301 0300 0104 0104 0004 0104 0403 0400 0401 0302 0001 0103 0401 0004 0402 0403 0002 0403 0403 0004 0104 0002 0004 0104 0101 0202 0204 0404 0403 0301 0204 0301 0202 0102 0303 0304 0300 0200 0004 0404 0004 0400 0303 0404 0101 0403 0102 0403 0403 0303 0404 0202 0102 0202 0203 0200 0003 0202 0102 0404 0203 0103 0202 0002 0104 0003 0402 0002 0100 0101 0204 0301 0102 0301
4 , 0102 0102 0101 0304 0002 0402 0304 0101 0300 0102 0404 0401 0302 0203 0102 0303 0004 0101 0303 0202 0403 0200 0204 0103 0401 0304 0104 0401 0303 0402 0202 0004 0004 0003 0303 0202 0203 0201 0103 0401 0302 0004 0400 0302 0402 0403 0304 0102 0302 0202 0002 0404 0004 0203 0204 0100 0004 0001 0004 0402 0302 0102 0303 0204 0102 0004 0101 0001 0102 0401 0302 0100 0101 0104 0203 0301 0402 0204 0203 0404 0302 0001 0203 0402 0300 0103 0001 0303 0104 0104 0101 0103 0403 0101 0404 0002 0301 0003 0401 0104 0202 0403 0102 0400 0403 0104 0103 0204 0104 0104 0101 0202 0204 0404 0403 0003 0204 0301 0003 0102 0303 0304 0303 0201 0104 0403 0304 0402 0303 0401 0103 0400 0403 0403 0403 0303 0003 0202 0102 0203 0203 0203 0403 0102 0100 0404 0203 0100 0202 0102 0101 0203 0402 0202 0104 0101 0204 0301 0102 0300 0102 0102 0100 0300 0402 0402 0304 0101 0301 0102 0402 0401 0304 0203 0102 0303 0104 0101 0302 0202 0403 0202 0201 0003 0002 0300 0104 0401 0300 0402 0202 0204 0304 0001 0303 0203 0003 0201 0303 0404 0302 0204 0403 0402 0403 0403 0304 0102 0302 0002 0302 0402 0104 0203 0202 0302 0104 0101 0400 0202 0300 0100 0304 0201 0102 0000 0101 0400 0002 0400 0303 0104 0104 0104 0200 0301 0002 0204 0203 0404 0002 0302 0203 0302 0302 0303 0101 0203 0104 0004 0104 0100 0403 0103 0404 0300 0301 0103 0402 0104 0404 0403 0102 0000 0003 0104 0101 0203 0104 0104 0100 0202 0201 0404 0403 0103 0204 0301 0304 0102 0303 0304 0303 0201 0104 0403 0304 0002 0300 0404 0101 0004 0100 0403 0103 0303 0403 0202 0102 0202 0203 0003 0403 0302 0102 0400 0203 0403 0202 0204 0104 0203 0102 0202 0104 0101 0200 0301 0102 0301
5 , 0102 0104 0101 0301 0402 0402 0300 0101 0301 0202 0400 0201 0302 0203 0102 0303 0104 0101 0304 0402 0403 0200 0201 0103 0402 0002 0104 0401 0303 0402 0202 0204 0404 0301 0303 0203 0003 0401 0303 0400 0302 0204 0403 0300 0403 0003 0104 0102 0302 0200 0002 0400 0104 0203 0202 0302 0100 0101 0404 0402 0304 0102 0304 0201 0102 0104 0001 0401 0002 0401 0300 0104 0101 0104 0204 0301 0402 0200 0004 0404 0002 0302 0203 0102 0302 0100 0401 0300 0004 0100 0104 0104 0403 0400 0404 0302 0301 0100 0401 0104 0402 0403 0102 0401 0003 0104 0103 0200 0104 0104 0101 0202 0204 0404 0003 0103 0204 0301 0202 0302 0303 0304 0003 0201 0100 0404 0304 0400 0403 0404 0101 0403 0103 0403 0003 0303 0403 0200 0102 0002 0204 0003 0400 0102 0102 0404 0203 0103 0202 0100 0104 0203 0402 0202 0104 0101 0204 0301 0102 0301 0102 0302 0101 0301 0402 0402 0304 0101 0401 0102 0404 0401 0302 0300 0102 0303 0004 0101 0302 0200 0403 0002 0201 0103 0402 0300 0100 0401 0303 0402 0202 0200 0404 0301 0103 0103 0403 0201 0303 0401 0302 0204 0403 0302 0403 0403 0304 0102 0002 0202 0002 0402 0404 0203 0200 0302 0104 0101 0404 0403 0300 0101 0304 0201 0100 0104 0101 0000 0002 0401 0200 0104 0101 0104 0203 0301 0400 0204 0203 0401 0102 0002 0103 0402 0302 0003 0304 0303 0004 0104 0104 0104 0403 0001 0404 0302 0301 0100 0404 0104 0002 0400 0002 0403 0403 0100 0203 0202 0104 0104 0101 0200 0204 0404 0403 0103 0304 0301 0103 0102 0300 0304 0300 0202 0104 0004 0304 0400 0300 0304 0102 0400 0103 0403 0403 0303 0403 0203 0102 0202 0003 0203 0303 0102 0102 0404 0203 0103 0202 0104 0004 0203 0400 0202 0104 0101 0200 0301 0102 0401
6 , 0102 0102 0101 0301 0402 0402 0304 0101 0003 0102 0404 0401 0402 0203 0102 0003 0104 0101 0302 0202 0001 0202 0301 0103 0202 0302 0104 0404 0303 0000 0200 0204 0404 0300 0303 0203 0103 0201 0103 0401 0302 0204 0403 0300 0003 0403 0004 0102 0302 0202 0302 0402 0101 0203 0002 0200 0102 0101 0404 0402 0104 0102 0300 0201 0102 0104 0101 0401 0102 0401 0300 0104 0001 0100 0203 0302 0402 0204 0200 0404 0102 0302 0203 0402 0002 0003 0301 0303 0104 0104 0100 0104 0403 0101 0404 0302 0300 0003 0401 0104 0002 0303 0101 0400 0000 0104 0101 0002 0104 0104 0101 0203 0304 0404 0403 0103 0204 0301 0202 0002 0303 0304 0303 0201 0104 0304 0304 0402 0303 0404 0101 0403 0100 0403 0400 0303 0300 0202 0102 0202 0203 0203 0403 0402 0102 0404 0203 0103 0204 0102 0104 0203 0402 0302 0104 0001 0002 0301 0102 0301 0300 0102 0101 0301 0402 0402 0303 0101 0301 0102 0004 0401 0300 0203 0102 0303 0104 0100 0302 0004 0403 0102 0201 0103 0402 0304 0404 0400 0003 0402 0202 0204 0404 0300 0203 0203 0403 0201 0303 0401 0302 0200 0400 0303 0403 0403 0300 0103 0303 0202 0302 0401 0104 0203 0202 0002 0304 0200 0404 0402 0304 0102 0304 0201 0102 0004 0102 0401 0102 0401 0002 0104 0101 0104 0203 0301 0402 0201 0203 0404 0101 0402 0203 0402 0300 0000 0303 0403 0004 0104 0204 0004 0403 0101 0104 0302 0301 0000 0400 0104 0400 0002 0002 0402 0402 0104 0103 0200 0004 0104 0403 0202 0204 0404 0000 0100 0304 0401 0202 0102 0303 0001 0003 0201 0204 0404 0004 0400 0303 0404 0103 0003 0103 0403 0004 0300 0403 0202 0102 0201 0203 0403 0403 0102 0102 0104 0203 0103 0202 0101 0104 0203 0402 0202 0104 0101 0204 0003 0102 0301
7 , 0202 0102 0101 0301 0402 0402 0304 0201 0301 0102 0401 0000 0302 0200 0102 0303 0004 0101 0302 0202 0400 0202 0201 0103 0403 0302 0004 0401 0300 0402 0202 0204 0404 0301 0300 0203 0403 0201 0303 0401 0300 0204 0403 0003 0403 0403 0304 0102 0102 0002 0002 0403 0104 0203 0202 0202 0104 0101 0404 0002 0304 0102 0304 0201 0400 0104 0101 0001 0402 0401 0300 0404 0401 0104 0203 0301 0402 0204 0403 0404 0102 0302 0203 0402 0302 0303 0301 0303 0104 0004 0104 0104 0403 0301 0404 0302 0301 0003 0401 0404 0400 0403 0102 0403 0403 0104 0100 0202 0104 0304 0301 0002 0204 0204 0403 0103 0204 0301 0002 0003 0303 0004 0003 0101 0104 0404 0304 0102 0303 0404 0001 0403 0100 0403 0403 0300 0403 0202 0102 0402 0203 0203 0403 0302 0302 0404 0003 0103 0202 0102 0104 0203 0400 0202 0104 0402 0204 0301 0002 0300 0102 0102 0101 0301 0402 0400 0304 0000 0301 0202 0402 0401 0302 0203 0102 0303 0200 0101 0102 0002 0003 0202 0201 0000 0402 0302 0104 0000 0301 0000 0202 0200 0404 0001 0303 0203 0403 0201 0303 0400 0302 0204 0103 0302 0100 0403 0304 0102 0302 0202 0302 0402 0104 0103 0202 0402 0104 0101 0404 0403 0004 0102 0304 0203 0103 0104 0002 0402 0102 0100 0302 0104 0100 0100 0203 0301 0402 0004 0203 0404 0102 0302 0201 0402 0302 0303 0301 0303 0104 0104 0004 0104 0403 0001 0404 0302 0001 0103 0401 0104 0402 0103 0101 0003 0403 0104 0103 0302 0104 0101 0101 0202 0201 0004 0403 0103 0204 0301 0102 0102 0403 0304 0303 0201 0104 0404 0304 0402 0300 0404 0101 0403 0003 0403 0403 0303 0403 0202 0102 0202 0203 0203 0403 0102 0102 0404 0203 0000 0202 0102 0104 0300 0402 0202 0104 0001 0201 0301 0102 0301
8 , 0102 0302 0100 0101 0402 0401 0300 0100 0301 0102 0404 0401 0302 0203 0001 0003 0104 0101 0302 0002 0403 0202 0200 0104 0402 0302 0104 0401 0303 0002 0200 0204 0404 0301 0300 0203 0403 0201 0302 0401 0302 0302 0400 0302 0403 0403 0004 0102 0302 0202 0300 0400 0100 0203 0202 0302 0100 0101 0404 0402 0304 0102 0304 0201 0102 0104 0101 0401 0102 0001 0000 0104 0101 0004 0103 0301 0402 0204 0204 0404 0102 0300 0104 0402 0102 0303 0001 0303 0104 0104 0104 0104 0403 0101 0404 0300 0301 0100 0401 0102 0401 0400 0102 0003 0403 0104 0103 0302 0004 0104 0101 0202 0204 0404 0403 0103 0204 0300 0202 0002 0303 0304 0304 0200 0104 0404 0204 0400 0003 0404 0100 0403 0303 0403 0400 0003 0403 0202 0102 0202 0200 0003 0403 0103 0102 0404 0203 0003 0202 0102 0104 0203 0402 0102 0104 0101 0204 0301 0102 0200 0102 0102 0100 0301 0402 0404 0104 0002 0301 0102 0400 0401 0102 0403 0102 0303 0104 0001 0302 0202 0403 0202 0200 0000 0402 0302 0104 0401 0303 0402 0202 0204 0404 0301 0303 0203 0403 0201 0303 0000 0202 0204 0403 0302 0402 0403 0304 0102 0300 0202 0302 0402 0000 0203 0202 0302 0101 0101 0404 0402 0304 0103 0204 0201 0102 0103 0101 0403 0102 0401 0301 0004 0101 0101 0203 0300 0002 0204 0203 0204 0102 0402 0103 0402 0302 0303 0301 0004 0104 0100 0104 0104 0403 0101 0404 0302 0301 0100 0401 0104 0402 0403 0102 0403 0403 0404 0104 0002 0104 0104 0101 0202 0204 0404 0403 0103 0204 0001 0202 0202 0300 0304 0303 0201 0101 0304 0304 0402 0403 0004 0101 0403 0002 0403 0400 0303 0403 0202 0102 0002 0203 0303 0103 0104 0002 0404 0203 0103 0201 0100 0101 0203 0002 0202 0104 0001 0004 0301 0304 0301
9 , 0102 0202 0301 0301 0402 0003 0304 0402 0301 0202 0404 0400 0300 0203 0100 0303 0104 0101 0002 0202 0403 0102 0201 0103 0402 0000 0104 0100 0300 0402 0202 0202 0404 0301 0303 0200 0203 0201 0303 0401 0002 0204 0403 0302 0403 0303 0304 0102 0302 0202 0302 0402 0100 0203 0202 0302 0104 0101 0404 0402 0304 0102 0304 0203 0102 0004 0101 0401 0100 0400 0302 0104 0103 0104 0203 0304 0402 0204 0203 0404 0102 0300 0403 0402 0002 0303 0300 0303 0104 0004 0104 0104 0003 0101 0402 0302 0301 0203 0401 0104 0402 0403 0102 0403 0403 0104 0103 0202 0104 0104 0101 0202 0000 0004 0403 0103 0204 0301 0202 0102 0303 0304 0303 0201 0103 0403 0304 0402 0303 0404 0101 0403 0103 0403 0403 0303 0403 0202 0102 0202 0200 0203 0403 0102 0104 0401 0203 0101 0202 0102 0104 0203 0402 0202 0104 0104 0204 0301 0102 0301 0101 0102 0101 0301 0401 0402 0404 0101 0301 0100 0404 0404 0000 0203 0103 0303 0004 0101 0302 0202 0403 0202 0201 0103 0402 0300 0104 0401 0000 0402 0202 0203 0404 0301 0103 0200 0400 0201 0303 0401 0302 0403 0403 0304 0400 0400 0304 0102 0302 0202 0002 0402 0104 0202 0100 0300 0102 0101 0404 0402 0104 0103 0001 0201 0102 0104 0304 0400 0102 0001 0302 0004 0101 0104 0403 0301 0402 0204 0203 0204 0102 0302 0203 0402 0302 0003 0301 0302 0103 0004 0104 0104 0400 0101 0103 0302 0001 0103 0002 0304 0402 0003 0102 0403 0301 0104 0103 0200 0101 0200 0102 0002 0204 0404 0403 0400 0204 0001 0202 0102 0303 0304 0303 0201 0100 0404 0304 0300 0303 0404 0001 0403 0103 0403 0003 0303 0403 0202 0002 0202 0203 0203 0403 0100 0102 0404 0203 0103 0202 0104 0104 0203 0402 0202 0102 0102 0204 0301 0100 0101
10 , 0102 0102 0101 0301 0002 0202 0304 0102 0301 0102 0404 0401 0302 0203 0100 0203 0104 0101 0301 0202 0403 0202 0301 0103 0202 0302 0104 0401 0303 0002 0202 0204 0402 0301 0300 0203 0403 0301 0303 0403 0301 0004 0003 0300 0403 0403 0304 0302 0202 0204 0302 0402 0004 0201 0202 0300 0204 0101 0204 0402 0004 0302 0304 0201 0102 0104 0101 0401 0102 0401 0302 0104 0001 0103 0203 0301 0400 0204 0203 0404 0202 0302 0201 0402 0302 0403 0302 0103 0104 0004 0104 0104 0003 0101 0400 0102 0301 0103 0401 0202 0102 0402 0102 0403 0403 0104 0103 0202 0104 0104 0001 0202 0204 0404 0403 0103 0304 0301 0202 0104 0303 0304 0203 0200 0104 0404 0104 0302 0303 0404 0101 0402 0203 0403 0403 0303 0403 0202 0102 0202 0202 0203 0103 0301 0102 0104 0203 0100 0202 0102 0004 0203 0400 0202 0104 0101 0200 0301 0102 0301 0102 0102 0201 0301 0402 0202 0304 0101 0001 0002 0404 0401 0402 0003 0104 0303 0104 0101 0302 0202 0403 0102 0201 0103 0402 0302 0104 0201 0303 0402 0202 0200 0400 0301 0403 0203 0402 0201 0304 0404 0302 0201 0401 0202 0401 0403 0304 0102 0300 0202 0302 0002 0100 0202 0202 0302 0104 0103 0404 0402 0304 0102 0204 0200 0102 0102 0103 0401 0102 0401 0302 0104 0102 0104 0203 0301 0002 0204 0203 0404 0102 0302 0003 0402 0302 0303 0301 0303 0104 0104 0104 0100 0402 0101 0404 0302 0401 0103 0401 0104 0402 0403 0402 0303 0403 0004 0103 0202 0004 0104 0101 0202 0204 0004 0303 0103 0204 0301 0402 0102 0303 0304 0303 0201 0104 0400 0004 0002 0303 0404 0101 0003 0103 0403 0403 0303 0403 0202 0102 0202 0403 0203 0403 0102 0102 0400 0203 0203 0202 0102 0304 0203 0402 0202 0104 0001 0004 0301 0102 0301
11 , 0102 0104 0101 0301 0202 0402 0304 0100 0301 0102 0404 0400 0302 0203 0002 0303 0104 0101 0302 0202 0403 0202 0201 0003 0402 0302 0404 0401 0303 0402 0202 0104 0400 0301 0303 0203 0400 0201 0300 0401 0300 0204 0400 0301 0403 0403 0000 0002 0302 0200 0302 0402 0104 0201 0202 0402 0104 0101 0404 0400 0303 0002 0304 0201 0100 0104 0101 0401 0100 0401 0200 0104 0101 0101 0203 0301 0400 0204 0203 0204 0102 0302 0003 0402 0302 0303 0301 0303 0100 0102 0104 0104 0400 0101 0404 0302 0301 0103 0401 0004 0402 0003 0102 0403 0403 0104 0103 0202 0104 0104 0101 0304 0300 0000 0100 0003 0303 0303 0202 0000 0303 0304 0003 0201 0104 0401 0304 0402 0303 0104 0100 0403 0103 0403 0003 0303 0403 0303 0102 0202 0203 0203 0003 0102 0102 0404 0203 0203 0000 0102 0100 0204 0002 0002 0104 0301 0200 0301 0102 0301 0102 0302 0101 0301 0402 0002 0304 0101 0301 0303 0404 0401 0302 0203 0102 0203 0104 0101 0400 0202 0401 0202 0201 0104 0400 0302 0104 0401 0403 0402 0002 0200 0104 0301 0303 0203 0004 0201 0303 0003 0300 0204 0403 0304 0403 0403 0304 0002 0302 0202 0302 0402 0104 0203 0202 0304 0104 0401 0404 0402 0304 0102 0004 0201 0102 0104 0201 0401 0002 0401 0002 0104 0401 0100 0104 0301 0402 0204 0203 0404 0102 0302 0203 0402 0302 0300 0301 0003 0102 0102 0104 0104 0403 0101 0400 0302 0304 0103 0402 0100 0403 0403 0102 0403 0403 0104 0003 0302 0104 0004 0300 0202 0204 0400 0403 0103 0204 0301 0002 0102 0302 0304 0303 0003 0104 0404 0304 0402 0303 0404 0201 0003 0103 0403 0403 0301 0403 0202 0302 0202 0003 0203 0403 0102 0102 0404 0203 0103 0202 0102 0104 0403 0400 0002 0100 0100 0204 0301 0000 0404
12 , 0102 0104 0101 0301 0402 0402 0304 0101 0401 0104 0404 0401 0302 0203 0102 0303 0104 0101 0302 0202 0303 0202 0201 0103 0402 0302 0104 0401 0003 0402 0004 0204 0201 0301 0303 0103 0403 0201 0003 0400 0402 0204 0403 0200 0403 0400 0304 0102 0302 0004 0302 0402 0104 0202 0202 0302 0104 0102 0404 0402 0304 0102 0301 0201 0104 0104 0100 0401 0102 0404 0302 0104 0101 0104 0203 0301 0402 0204 0203 0404 0102 0302 0203 0402 0302 0103 0301 0203 0104 0104 0104 0104 0403 0101 0104 0302 0301 0101 0401 0104 0402 0403 0101 0003 0403 0104 0103 0202 0000 0104 0101 0202 0204 0404 0403 0104 0204 0201 0202 0102 0303 0104 0303 0201 0104 0404 0300 0402 0303 0404 0000 0403 0000 0403 0403 0300 0403 0202 0102 0200 0203 0103 0400 0202 0102 0404 0203 0100 0202 0102 0104 0000 0402 0202 0104 0101 0204 0000 0102 0304 0402 0102 0101 0001 0402 0402 0304 0101 0301 0102 0004 0401 0302 0203 0302 0003 0104 0400 0304 0200 0003 0202 0401 0103 0402 0300 0100 0401 0303 0002 0202 0200 0204 0301 0303 0203 0400 0201 0303 0401 0302 0204 0403 0302 0403 0403 0304 0102 0302 0202 0002 0102 0104 0203 0202 0002 0104 0101 0400 0100 0304 0102 0300 0203 0102 0304 0100 0403 0102 0401 0302 0104 0003 0104 0203 0302 0402 0204 0203 0404 0102 0303 0203 0402 0302 0303 0301 0303 0104 0104 0004 0104 0403 0102 0400 0102 0300 0100 0401 0000 0402 0403 0102 0403 0403 0104 0104 0202 0104 0103 0001 0202 0204 0404 0403 0103 0204 0303 0202 0302 0303 0304 0303 0201 0104 0404 0304 0102 0303 0404 0101 0403 0103 0403 0403 0300 0203 0202 0402 0202 0203 0203 0403 0100 0102 0404 0003 0103 0202 0302 0104 0203 0402 0202 0104 0101 0200 0301 0104 0301
13 , 0102 0102 0102 0301 0400 0402 0304 0101 0200 0103 0404 0201 0303 0203 0103 0003 0104 0101 0202 0402 0403 0202 0201 0103 0402 0302 0104 0401 0203 0402 0200 0204 0404 0300 0303 0200 0403 0201 0003 0401 0302 0304 0403 0302 0403 0403 0304 0102 0302 0204 0302 0400 0104 0203 0200 0302 0102 0003 0404 0102 0004 0302 0304 0201 0002 0104 0100 0101 0102 0401 0302 0104 0102 0104 0203 0301 0002 0204 0203 0404 0102 0302 0203 0402 0002 0303 0301 0303 0104 0104 0104 0004 0403 0101 0404 0302 0303 0103 0401 0104 0402 0403 0102 0403 0403 0004 0101 0200 0101 0102 0100 0202 0200 0404 0403 0103 0204 0301 0202 0102 0203 0304 0403 0201 0104 0404 0300 0402 0303 0104 0100 0403 0103 0400 0403 0303 0400 0202 0102 0202 0000 0203 0403 0102 0102 0404 0203 0103 0202 0102 0100 0203 0402 0202 0104 0101 0202 0301 0102 0301 0102 0103 0101 0300 0404 0402 0300 0101 0301 0100 0400 0401 0302 0203 0402 0303 0104 0103 0302 0202 0403 0200 0201 0103 0402 0302 0100 0401 0303 0404 0202 0200 0404 0304 0003 0203 0403 0001 0203 0401 0302 0204 0403 0302 0401 0403 0304 0100 0302 0000 0302 0100 0104 0203 0202 0302 0104 0101 0402 0402 0304 0102 0304 0201 0102 0104 0001 0401 0102 0401 0302 0104 0101 0100 0203 0101 0402 0204 0003 0404 0102 0302 0204 0402 0300 0301 0000 0303 0104 0104 0104 0104 0403 0101 0401 0302 0301 0003 0001 0000 0002 0300 0102 0403 0403 0104 0103 0202 0204 0104 0101 0202 0204 0404 0103 0103 0201 0300 0202 0102 0303 0303 0303 0201 0104 0003 0304 0402 0300 0404 0101 0403 0103 0400 0400 0303 0003 0202 0102 0202 0203 0203 0403 0102 0102 0404 0000 0102 0202 0102 0101 0200 0402 0202 0104 0101 0004 0001 0002 0301
14 , 0102 0000 0101 0301 0404 0402 0303 0101 0101 0102 0404 0401 0002 0203 0102 0003 0304 0101 0302 0202 0403 0202 0201 0103 0402 0300 0101 0400 0303 0402 0202 0204 0004 0301 0103 0003 0403 0200 0303 0401 0302 0203 0303 0302 0403 0403 0104 0403 0302 0202 0300 0402 0104 0103 0202 0302 0003 0101 0404 0402 0304 0102 0204 0201 0102 0004 0101 0401 0100 0401 0302 0104 0101 0100 0200 0301 0202 0204 0203 0104 0102 0302 0303 0002 0302 0300 0301 0303 0100 0100 0101 0104 0403 0401 0404 0202 0401 0103 0401 0104 0402 0403 0102 0403 0403 0104 0403 0202 0104 0004 0101 0202 0204 0004 0103 0303 0204 0101 0202 0102 0300 0104 0000 0201 0102 0404 0304 0402 0303 0404 0101 0403 0003 0400 0403 0003 0403 0202 0102 0202 0203 0203 0403 0102 0102 0404 0203 0103 0002 0101 0004 0203 0202 0202 0104 0101 0204 0301 0102 0301 0102 0102 0001 0301 0402 0400 0302 0101 0301 0002 0404 0401 0302 0203 0100 0303 0104 0100 0302 0402 0100 0202 0200 0103 0402 0302 0104 0400 0303 0402 0202 0003 0404 0300 0300 0201 0403 0201 0302 0400 0302 0204 0403 0302 0403 0400 0301 0102 0302 0202 0302 0402 0100 0203 0402 0300 0104 0101 0004 0404 0304 0102 0304 0200 0102 0100 0101 0401 0100 0301 0002 0104 0100 0104 0203 0001 0002 0204 0003 0404 0102 0302 0200 0402 0301 0303 0301 0303 0104 0104 0104 0104 0403 0001 0004 0302 0201 0100 0301 0104 0402 0403 0102 0303 0403 0304 0103 0202 0104 0104 0101 0202 0204 0404 0403 0103 0004 0301 0202 0103 0303 0004 0303 0201 0104 0404 0304 0400 0303 0400 0102 0403 0103 0403 0403 0403 0403 0204 0102 0202 0203 0201 0403 0102 0100 0404 0203 0103 0102 0002 0002 0203 0402 0202 0102 0101 0001 0301 0102 0301
15 , 0102 0102 0100 0301 0402 0402 0004 0401 0301 0100 0404 0400 0302 0203 0102 0303 0104 0101 0302 0202 0400 0202 0201 0103 0402 0300 0004 0001 0403 0402 0202 0204 0404 0301 0303 0203 0403 0301 0303 0401 0302 0204 0403 0302 0403 0403 0304 0002 0302 0204 0302 0402 0104 0203 0202 0302 0103 0101 0404 0402 0100 0102 0302 0001 0102 0104 0001 0401 0002 0401 0302 0104 0101 0204 0203 0301 0002 0200 0203 0404 0002 0302 0103 0402 0302 0300 0301 0303 0404 0104 0104 0104 0403 0101 0404 0302 0201 0103 0401 0100 0402 0403 0102 0403 0403 0104 0103 0002 0104 0100 0101 0204 0000 0404 0403 0103 0204 0201 0202 0102 0303 0300 0400 0202 0104 0302 0304 0402 0301 0204 0101 0403 0101 0402 0003 0303 0404 0202 0102 0202 0203 0203 0403 0102 0102 0404 0203 0103 0202 0102 0104 0203 0102 0204 0103 0001 0204 0301 0102 0301 0102 0102 0101 0301 0402 0402 0304 0001 0301 0102 0404 0401 0302 0203 0102 0003 0104 0401 0302 0202 0003 0204 0200 0103 0402 0302 0104 0401 0202 0002 0202 0204 0404 0301 0403 0103 0400 0201 0303 0401 0302 0204 0403 0302 0403 0400 0304 0102 0302 0202 0302 0002 0104 0203 0202 0302 0101 0101 0004 0402 0304 0102 0303 0201 0102 0304 0001 0001 0102 0001 0302 0100 0101 0400 0203 0000 0402 0304 0203 0001 0100 0302 0203 0401 0202 0303 0001 0203 0104 0003 0004 0104 0400 0001 0400 0302 0301 0103 0401 0304 0402 0404 0102 0403 0403 0204 0103 0200 0004 0104 0101 0200 0204 0404 0403 0100 0200 0301 0202 0102 0003 0302 0300 0201 0104 0404 0304 0002 0303 0404 0101 0003 0103 0003 0403 0303 0403 0202 0402 0202 0203 0203 0403 0100 0102 0404 0203 0303 0204 0102 0104 0204 0302 0200 0104 0101 0204 0301 0102 0101
16 , 0102 0102 0101 0301 0302 0402 0304 0101 0301 0001 0403 0001 0002 0203 0102 0300 0102 0001 0002 0202 0403 0204 0201 0203 0002 0302 0104 0402 0303 0402 0202 0200 0404 0301 0301 0003 0403 0201 0303 0401 0302 0004 0403 0302 0403 0403 0304 0102 0302 0203 0302 0402 0104 0203 0200 0302 0104 0000 0401 0402 0304 0102 0004 0204 0102 0104 0100 0401 0102 0101 0000 0104 0001 0102 0200 0301 0402 0202 0203 0404 0403 0302 0203 0402 0302 0303 0301 0301 0104 0104 0104 0104 0403 0101 0404 0302 0301 0403 0401 0204 0402 0403 0001 0400 0303 0104 0103 0202 0100 0104 0101 0202 0204 0404 0003 0103 0204 0301 0003 0102 0303 0304 0400 0201 0103 0404 0304 0402 0303 0001 0101 0003 0103 0403 0403 0300 0000 0202 0102 0202 0203 0203 0403 0102 0102 0004 0203 0102 0202 0102 0104 0203 0402 0202 0402 0001 0204 0301 0102 0401 0102 0102 0101 0301 0402 0002 0300 0101 0300 0202 0404 0001 0002 0203 0002 0303 0104 0101 0304 0202 0400 0202 0201 0102 0402 0002 0104 0401 0303 0402 0202 0204 0400 0301 0300 0403 0403 0201 0303 0401 0302 0204 0403 0202 0403 0403 0304 0100 0302 0202 0302 0402 0003 0403 0202 0302 0104 0001 0404 0400 0004 0402 0304 0001 0100 0102 0101 0301 0102 0101 0002 0004 0101 0104 0203 0300 0402 0204 0203 0401 0102 0002 0201 0400 0302 0303 0301 0303 0104 0104 0104 0104 0403 0101 0404 0303 0003 0103 0401 0004 0402 0401 0104 0403 0403 0104 0003 0202 0404 0104 0101 0202 0004 0104 0403 0100 0204 0304 0202 0102 0300 0304 0003 0001 0004 0401 0204 0402 0301 0404 0100 0403 0300 0403 0303 0303 0403 0202 0102 0202 0203 0203 0403 0002 0102 0404 0203 0103 0202 0402 0104 0203 0402 0202 0104 0101 0204 0300 0102 0302
17 , 0102 0102 0101 0301 0402 0402 0304 0101 0301 0202 0404 0401 0302 0003 0103 0303 0304 0100 0001 0002 0400 0202 0202 0103 0402 0302 0204 0401 0300 0403 0002 0204 0404 0000 0303 0203 0403 0202 0303 0401 0302 0204 0400 0302 0403 0403 0304 0102 0302 0304 0300 0402 0104 0003 0202 0302 0304 0100 0404 0402 0304 0102 0304 0201 0102 0104 0100 0401 0101 0401 0304 0104 0100 0104 0203 0001 0402 0104 0003 0300 0302 0302 0203 0402 0302 0203 0303 0304 0000 0100 0104 0104 0403 0101 0404 0002 0301 0103 0404 0104 0400 0403 0102 0400 0003 0104 0103 0202 0104 0104 0101 0202 0200 0404 0103 0103 0200 0301 0202 0102 0003 0302 0300 0201 0000 0404 0304 0402 0303 0404 0101 0403 0103 0401 0403 0303 0403 0200 0102 0202 0203 0203 0103 0102 0102 0404 0203 0103 0202 0102 0104 0203 0202 0201 0104 0100 0204 0301 0102 0001 0100 0102 0101 0301 0402 0402 0304 0101 0301 0402 0401 0400 0102 0203 0002 0303 0104 0000 0302 0202 0400 0202 0200 0102 0402 0302 0104 0401 0303 0402 0202 0104 0404 0301 0300 0203 0101 0201 0303 0101 0302 0202 0403 0002 0403 0403 0104 0102 0202 0202 0302 0402 0104 0200 0202 0400 0104 0100 0401 0402 0304 0102 0200 0203 0102 0104 0101 0401 0102 0401 0302 0104 0101 0304 0203 0102 0402 0404 0203 0404 0102 0302 0203 0402 0302 0303 0300 0103 0104 0104 0104 0104 0400 0101 0404 0302 0301 0003 0401 0103 0402 0404 0102 0403 0403 0104 0100 0203 0104 0104 0101 0200 0204 0404 0403 0003 0204 0301 0202 0101 0303 0304 0300 0201 0104 0303 0304 0400 0303 0401 0101 0403 0103 0403 0403 0303 0403 0202 0102 0202 0203 0203 0003 0102 0102 0404 0001 0103 0202 0102 0103 0203 0002 0302 0204 0101 0204 0301 0101 0301
18 , 0300 0103 0101 0401 0402 0402 0304 0101 0300 0102 0404 0401 0302 0203 0100 0300 0100 0101 0302 0401 0203 0202 0201 0003 0402 0302 0104 0001 0303 0002 0202 0204 0404 0301 0303 0203 0403 0201 0303 0401 0302 0204 0303 0302 0403 0403 0303 0103 0302 0203 0002 0402 0004 0200 0202 0304 0104 0101 0404 0102 0303 0102 0304 0201 0103 0104 0200 0401 0100 0401 0002 0104 0101 0104 0103 0300 0402 0204 0201 0000 0002 0302 0202 0302 0303 0303 0301 0303 0104 0100 0104 0004 0400 0101 0404 0202 0301 0103 0001 0104 0402 0403 0102 0203 0003 0104 0103 0202 0404 0104 0101 0202 0204 0404 0003 0103 0204 0301 0202 0102 0303 0304 0303 0403 0104 0404 0304 0402 0003 0104 0101 0003 0103 0403 0403 0303 0403 0202 0100 0202 0203 0203 0403 0002 0102 0404 0203 0103 0202 0102 0104 0203 0400 0202 0404 0101 0104 0001 0100 0301 0302 0002 0101 0301 0002 0004 0302 0101 0201 0102 0404 0401 0302 0201 0102 0303 0102 0102 0302 0202 0203 0202 0201 0103 0402 0302 0104 0401 0300 0404 0002 0204 0404 0301 0303 0203 0403 0201 0300 0401 0302 0204 0403 0302 0403 0403 0304 0102 0302 0202 0002 0402 0004 0203 0202 0302 0104 0101 0404 0202 0304 0101 0300 0301 0002 0104 0103 0401 0102 0401 0302 0104 0101 0104 0201 0301 0302 0204 0203 0402 0102 0302 0203 0402 0302 0300 0301 0303 0304 0100 0104 0104 0402 0101 0404 0302 0301 0103 0401 0100 0002 0402 0102 0401 0403 0104 0100 0202 0004 0304 0101 0202 0204 0400 0403 0303 0202 0303 0202 0100 0304 0304 0303 0401 0104 0404 0300 0302 0303 0404 0101 0403 0103 0403 0403 0303 0403 0402 0101 0402 0203 0203 0400 0102 0102 0404 0203 0103 0204 0102 0104 0203 0402 0202 0100 0103 0204 0301 0102 0301
19 , 0102 0002 0101 0301 0402 0402 0301 0100 0301 0102 0404 0401 0300 0103 0102 0303 0104 0100 0304 0202 0402 0202 0301 0103 0402 0002 0104 0401 0303 0102 0202 0204 0404 0001 0303 0203 0003 0001 0303 0401 0303 0204 0403 0002 0400 0403 0304 0102 0302 0202 0302 0402 0104 0203 0102 0002 0104 0101 0404 0402 0204 0002 0304 0201 0102 0104 0101 0404 0102 0001 0302 0104 0101 0100 0203 0301 0402 0204 0203 0404 0102 0302 0203 0402 0302 0303 0301 0303 0104 0104 0404 0204 0403 0101 0404 0302 0301 0103 0401 0104 0402 0403 0002 0403 0403 0104 0103 0202 0404 0104 0101 0202 0204 0404 0403 0103 0204 0301 0202 0102 0303 0304 0303 0201 0104 0404 0300 0402 0303 0404 0101 0403 0303 0403 0403 0103 0003 0202 0101 0202 0100 0203 0403 0102 0002 0000 0203 0100 0203 0104 0301 0203 0402 0202 0104 0101 0204 0301 0102 0301 0202 0102 0101 0301 0402 0402 0304 0401 0303 0102 0404 0301 0302 0203 0102 0303 0104 0100 0002 0204 0403 0100 0002 0103 0402 0302 0104 0401 0303 0402 0202 0204 0004 0300 0300 0203 0403 0201 0304 0401 0300 0004 0403 0102 0203 0303 0304 0102 0302 0202 0304 0402 0004 0203 0202 0302 0100 0401 0404 0402 0304 0102 0304 0201 0102 0104 0001 0401 0102 0401 0302 0101 0101 0004 0203 0301 0402 0204 0200 0304 0202 0001 0203 0200 0302 0303 0300 0303 0404 0104 0104 0104 0403 0100 0404 0302 0303 0103 0401 0102 0401 0403 0102 0400 0403 0100 0103 0202 0004 0304 0101 0202 0000 0404 0303 0103 0204 0301 0202 0001 0303 0304 0303 0201 0404 0404 0304 0402 0302 0004 0101 0001 0103 0003 0403 0300 0403 0202 0100 0200 0203 0003 0200 0102 0102 0404 0203 0103 0202 0002 0104 0203 0400 0202 0104 0100 0201 0301 0100 0301
20 , 0302 0102 0101 0301 0402 0403 0300 0100 0301 0102 0404 0401 0302 0203 0102 0303 0104 0101 0301 0202 0403 0202 0201 0103 0002 0300 0104 0402 0303 0401 0002 0204 0404 0101 0303 0203 0403 0201 0303 0402 0402 0204 0403 0302 0103 0403 0304 0102 0302 0202 0300 0402 0104 0203 0202 0302 0104 0101 0404 0200 0304 0100 0304 0201 0102 0104 0101 0401 0102 0401 0302 0103 0201 0104 0403 0301 0402 0201 0203 0404 0102 0300 0203 0400 0002 0303 0301 0303 0104 0104 0404 0104 0403 0201 0404 0300 0301 0100 0404 0104 0400 0403 0102 0403 0403 0104 0103 0204 0104 0104 0101 0202 0202 0404 0303 0103 0204 0301 0202 0104 0003 0304 0303 0201 0104 0404 0304 0402 0302 0404 0101 0403 0100 0403 0403 0303 0403 0202 0102 0202 0203 0200 0403 0302 0102 0404 0203 0000 0202 0102 0104 0203 0402 0202 0104 0101 0204 0301 0100 0301 0102 0102 0401 0301 0402 0002 0304 0001 0201 0103 0404 0201 0003 0203 0102 0303 0100 0101 0202 0002 0400 0200 0201 0103 0402 0300 0104 0400 0303 0402 0202 0004 0004 0301 0303 0203 0403 0201 0303 0401 0002 0303 0403 0302 0400 0403 0304 0002 0302 0202 0302 0402 0104 0203 0202 0002 0102 0103 0400 0102 0304 0302 0300 0001 0102 0100 0101 0101 0102 0401 0302 0104 0102 0104 0203 0301 0002 0004 0203 0404 0302 0302 0203 0402 0302 0303 0101 0303 0104 0100 0100 0104 0403 0101 0404 0302 0303 0103 0403 0004 0402 0400 0102 0003 0403 0104 0100 0202 0101 0202 0101 0200 0004 0404 0403 0103 0204 0301 0202 0102 0203 0304 0303 0201 0104 0004 0304 0002 0303 0004 0101 0403 0103 0400 0403 0303 0403 0202 0103 0202 0200 0200 0403 0102 0102 0404 0203 0103 0002 0202 0101 0403 0402 0002 0104 0101 0204 0301 0102 0001
21 , 0002 0102 0102 0301 0402 0402 0304 0101 0000 0302 0404 0401 0300 0200 0102 0303 0104 0101 0302 0202 0403 0202 0202 0103 0402 0400 0104 0401 0000 0402 0202 0200 0001 0301 0303 0203 0402 0201 0303 0001 0302 0404 0003 0304 0403 0400 0104 0102 0302 0202 0302 0402 0000 0201 0203 0302 0104 0101 0404 0002 0304 0102 0300 0201 0102 0104 0001 0401 0102 0401 0304 0204 0101 0100 0200 0301 0402 0204 0203 0404 0102 0000 0203 0402 0302 0003 0301 0303 0104 0104 0104 0104 0403 0101 0404 0301 0302 0103 0401 0104 0402 0003 0402 0403 0403 0100 0103 0202 0404 0104 0101 0202 0204 0404 0403 0104 0004 0301 0202 0102 0303 0300 0003 0202 0104 0404 0304 0002 0303 0404 0103 0403 0103 0003 0403 0303 0003 0202 0002 0302 0003 0203 0403 0102 0103 0404 0203 0103 0202 0102 0104 0203 0402 0202 0104 0101 0204 0001 0102 0301 0401 0103 0100 0301 0402 0402 0204 0101 0401 0100 0404 0101 0302 0203 0404 0300 0000 0101 0302 0202 0403 0202 0201 0103 0402 0302 0100 0401 0003 0404 0202 0204 0404 0301 0300 0203 0403 0201 0303 0401 0302 0204 0403 0102 0100 0403 0004 0104 0002 0002 0302 0402 0100 0204 0202 0302 0104 0101 0404 0402 0304 0202 0304 0004 0102 0101 0101 0201 0102 0401 0302 0104 0101 0101 0204 0301 0403 0204 0203 0404 0102 0302 0200 0404 0302 0303 0301 0003 0100 0104 0100 0004 0001 0101 0004 0302 0300 0303 0401 0104 0402 0403 0102 0403 0403 0104 0103 0200 0104 0104 0101 0202 0204 0404 0303 0103 0204 0401 0202 0102 0303 0304 0003 0201 0104 0404 0004 0002 0303 0404 0101 0401 0103 0403 0403 0303 0103 0202 0102 0202 0003 0203 0403 0102 0102 0300 0203 0103 0202 0202 0104 0203 0004 0202 0104 0001 0204 0001 0402 0301
22 , 0102 0102 0101 0301 0402 0402 0304 0101 0301 0102 0404 0401 0302 0200 0102 0303 0404 0101 0302 0202 0400 0202 0201 0103 0402 0302 0104 0403 0303 0302 0202 0204 0404 0301 0303 0203 0400 0201 0004 0404 0302 0204 0403 0302 0403 0403 0304 0002 0302 0301 0302 0402 0404 0003 0202 0302 0101 0401 0004 0402 0304 0102 0304 0201 0102 0104 0101 0401 0102 0401 0300 0104 0101 0004 0203 0301 0402 0204 0203 0404 0101 0302 0103 0402 0302 0300 0301 0303 0101 0104 0104 0104 0403 0101 0404 0300 0301 0101 0401 0104 0402 0403 0102 0403 0403 0104 0103 0202 0004 0404 0101 0002 0204 0400 0403 0100 0004 0301 0202 0102 0302 0300 0303 0201 0104 0404 0104 0402 0303 0404 0100 0403 0102 0303 0403 0303 0403 0202 0102 0000 0103 0203 0403 0102 0102 0404 0303 0103 0202 0102 0101 0203 0302 0202 0104 0101 0204 0001 0102 0301 0102 0002 0201 0301 0402 0402 0304 0101 0300 0102 0403 0400 0102 0203 0400 0303 0104 0101 0302 0202 0403 0200 0202 0103 0400 0302 0104 0401 0303 0402 0202 0204 0400 0303 0303 0203 0403 0201 0303 0401 0002 0204 0003 0302 0402 0403 0304 0404 0302 0202 0302 0402 0104 0203 0202 0302 0104 0201 0400 0402 0304 0102 0300 0201 0102 0204 0101 0401 0102 0401 0302 0004 0100 0104 0203 0301 0402 0204 0403 0404 0102 0302 0203 0402 0302 0300 0301 0303 0104 0004 0104 0104 0403 0101 0404 0302 0001 0003 0201 0104 0402 0003 0102 0403 0400 0204 0003 0202 0004 0100 0104 0202 0204 0404 0403 0101 0004 0000 0302 0102 0302 0304 0301 0301 0104 0400 0304 0402 0302 0404 0101 0403 0101 0303 0403 0403 0403 0200 0102 0202 0203 0203 0403 0102 0102 0404 0203 0103 0202 0102 0104 0203 0402 0100 0100 0000 0204 0301 0102 0302
23 , 0102 0102 0201 0301 0400 0002 0304 0101 0301 0102 0404 0401 0302 0003 0102 0303 0104 0301 0302 0202 0003 0202 0000 0102 0002 0302 0002 0401 0003 0402 0202 0204 0404 0301 0303 0203 0403 0201 0003 0101 0302 0204 0403 0302 0403 0403 0304 0102 0302 0202 0300 0402 0104 0003 0202 0302 0104 0101 0004 0202 0304 0102 0304 0301 0100 0104 0101 0401 0102 0401 0302 0204 0101 0104 0203 0301 0102 0204 0203 0404 0200 0002 0203 0402 0102 0303 0300 0302 0000 0104 0104 0104 0403 0104 0404 0302 0101 0103 0401 0104 0402 0403 0104 0403 0403 0104 0003 0202 0104 0104 0100 0202 0203 0404 0303 0100 0204 0301 0200 0103 0300 0104 0300 0201 0104 0004 0304 0402 0303 0004 0201 0403 0103 0003 0403 0304 0403 0202 0102 0202 0203 0200 0403 0102 0102 0404 0000 0103 0202 0102 0100 0203 0202 0202 0104 0101 0204 0301 0100 0301 0101 0102 0101 0301 0402 0402 0303 0101 0301 0102 0404 0401 0302 0003 0103 0303 0104 0101 0302 0202 0003 0202 0201 0003 0402 0302 0404 0401 0003 0002 0202 0204 0404 0001 0303 0003 0403 0201 0303 0401 0302 0204 0403 0302 0403 0400 0304 0103 0302 0002 0002 0402 0104 0200 0202 0302 0000 0101 0404 0002 0304 0102 0301 0201 0100 0104 0301 0401 0102 0401 0100 0104 0101 0100 0203 0301 0403 0201 0203 0400 0102 0302 0203 0402 0302 0300 0001 0303 0204 0104 0104 0104 0003 0101 0104 0401 0301 0101 0303 0304 0302 0400 0102 0003 0103 0103 0103 0202 0104 0004 0001 0402 0204 0404 0403 0102 0204 0301 0202 0102 0303 0004 0303 0201 0004 0404 0304 0302 0303 0404 0001 0403 0103 0403 0403 0303 0403 0202 0102 0202 0203 0203 0403 0102 0102 0404 0003 0103 0202 0104 0104 0204 0402 0202 0104 0101 0204 0301 0102 0300
24 , 0102 0302 0101 0300 0402 0402 0004 0101 0301 0003 0004 0401 0302 0203 0104 0203 0104 0101 0302 0000 0403 0202 0001 0104 0402 0302 0104 0401 0403 0402 0202 0200 0104 0301 0303 0200 0403 0201 0303 0401 0302 0200 0003 0302 0403 0403 0304 0104 0302 0202 0302 0402 0104 0203 0002 0304 0104 0101 0404 0402 0304 0102 0304 0001 0102 0104 0101 0201 0100 0401 0302 0104 0301 0304 0103 0301 0404 0204 0203 0404 0102 0002 0203 0401 0302 0301 0301 0302 0101 0002 0104 0100 0403 0101 0004 0302 0001 0203 0402 0104 0000 0404 0202 0403 0403 0104 0303 0202 0104 0004 0301 0204 0204 0004 0403 0103 0304 0301 0202 0002 0302 0304 0303 0001 0000 0402 0004 0102 0302 0404 0101 0403 0103 0403 0403 0303 0403 0002 0102 0202 0203 0203 0403 0102 0101 0403 0203 0103 0202 0102 0104 0003 0402 0102 0104 0101 0201 0301 0100 0301 0102 0102 0101 0301 0402 0402 0304 0101 0301 0101 0404 0401 0302 0203 0102 0303 0100 0401 0302 0201 0401 0202 0201 0002 0402 0302 0104 0401 0303 0402 0202 0004 0102 0301 0303 0203 0403 0201 0300 0401 0302 0204 0403 0302 0303 0400 0304 0002 0302 0202 0302 0402 0104 0203 0202 0302 0104 0100 0400 0402 0104 0104 0304 0201 0002 0404 0101 0401 0102 0401 0200 0104 0001 0104 0300 0301 0402 0304 0201 0404 0102 0303 0203 0402 0302 0300 0301 0303 0104 0104 0104 0002 0303 0101 0204 0002 0301 0103 0001 0104 0402 0403 0102 0403 0403 0104 0103 0202 0104 0104 0101 0202 0204 0004 0403 0103 0204 0301 0202 0102 0303 0303 0103 0201 0104 0404 0104 0302 0303 0404 0101 0403 0403 0403 0403 0302 0404 0202 0302 0202 0003 0100 0401 0102 0102 0404 0203 0103 0202 0102 0000 0103 0400 0002 0100 0101 0001 0301 0102 0301
25 , 0102 0102 0101 0301 0402 0400 0304 0101 0000 0100 0004 0401 0302 0203 0102 0303 0104 0101 0302 0202 0403 0200 0201 0102 0002 0302 0200 0001 0400 0402 0202 0204 0004 0101 0303 0203 0403 0203 0303 0404 0302 0204 0403 0302 0403 0403 0004 0102 0402 0002 0302 0402 0304 0203 0202 0302 0101 0101 0404 0402 0304 0102 0304 0201 0102 0104 0101 0401 0102 0401 0302 0104 0101 0003 0203 0301 0202 0004 0203 0404 0102 0402 0203 0002 0302 0203 0301 0403 0004 0104 0104 0104 0403 0301 0404 0302 0301 0103 0401 0104 0000 0403 0102 0403 0403 0104 0103 0002 0300 0104 0101 0002 0204 0203 0403 0103 0202 0304 0202 0102 0003 0304 0303 0203 0004 0104 0301 0402 0303 0404 0102 0403 0201 0403 0103 0303 0203 0002 0102 0202 0203 0203 0403 0102 0102 0404 0203 0103 0202 0102 0104 0203 0402 0202 0104 0201 0202 0301 0002 0302 0202 0102 0101 0301 0400 0404 0304 0101 0301 0102 0404 0404 0302 0203 0002 0303 0004 0101 0303 0002 0404 0202 0201 0103 0402 0301 0403 0101 0304 0402 0202 0200 0404 0301 0303 0203 0401 0203 0303 0402 0002 0004 0003 0302 0403 0403 0304 0102 0302 0202 0302 0402 0200 0204 0202 0302 0104 0101 0404 0402 0004 0102 0304 0201 0102 0100 0101 0401 0104 0401 0302 0104 0100 0004 0200 0301 0002 0200 0203 0404 0102 0302 0303 0302 0302 0303 0301 0303 0100 0104 0104 0104 0400 0101 0404 0302 0301 0101 0402 0104 0402 0400 0102 0403 0403 0004 0103 0004 0104 0104 0101 0102 0204 0204 0401 0003 0004 0203 0202 0102 0303 0304 0303 0202 0104 0404 0304 0402 0303 0404 0101 0403 0104 0403 0403 0303 0403 0002 0102 0202 0203 0203 0400 0102 0002 0404 0203 0103 0202 0100 0104 0003 0402 0202 0104 0101 0004 0300 0102 0301
26 , 0102 0302 0101 0301 0002 0402 0304 0301 0001 0102 0404 0401 0302 0203 0102 0304 0403 0101 0302 0200 0403 0201 0201 0103 0402 0302 0102 0401 0303 0402 0202 0204 0404 0101 0303 0203 0400 0201 0300 0401 0302 0204 0403 0302 0403 0400 0304 0100 0302 0202 0302 0400 0104 0203 0402 0302 0104 0001 0404 0402 0303 0004 0304 0401 0102 0004 0401 0401 0002 0401 0302 0104 0001 0104 0203 0300 0402 0204 0203 0400 0102 0002 0201 0402 0304 0103 0301 0303 0104 0101 0104 0004 0402 0101 0404 0402 0001 0103 0001 0104 0402 0403 0102 0400 0403 0104 0103 0202 0104 0104 0101 0202 0204 0404 0403 0103 0204 0301 0000 0102 0300 0301 0300 0201 0104 0404 0303 0402 0303 0404 0101 0403 0103 0403 0404 0304 0403 0200 0102 0202 0203 0203 0403 0100 0100 0404 0203 0103 0002 0102 0104 0103 0402 0202 0104 0104 0404 0301 0002 0300 0201 0102 0101 0301 0403 0002 0401 0101 0301 0002 0404 0401 0002 0203 0002 0303 0104 0101 0300 0200 0403 0202 0401 0102 0402 0301 0404 0401 0304 0002 0202 0204 0304 0301 0300 0203 0001 0201 0303 0401 0002 0204 0403 0102 0403 0403 0304 0102 0302 0402 0301 0402 0104 0203 0202 0302 0100 0101 0404 0402 0304 0102 0304 0201 0002 0104 0101 0401 0102 0401 0302 0104 0304 0104 0203 0301 0402 0204 0403 0404 0102 0002 0003 0402 0304 0303 0301 0303 0100 0104 0104 0104 0403 0101 0404 0300 0301 0101 0400 0104 0402 0403 0402 0003 0403 0100 0102 0202 0104 0104 0101 0002 0201 0000 0401 0103 0204 0201 0202 0102 0303 0304 0303 0201 0104 0404 0304 0402 0300 0404 0101 0403 0103 0403 0403 0303 0403 0002 0104 0202 0203 0203 0403 0102 0002 0400 0203 0103 0202 0201 0104 0003 0002 0202 0304 0001 0204 0302 0100 0301
27 , 0102 0102 0101 0301 0403 0402 0304 0101 0001 0102 0400 0401 0302 0203 0102 0303 0104 0401 0301 0202 0403 0202 0201 0103 0402 0302 0100 0401 0203 0402 0202 0004 0404 0301 0301 0203 0403 0201 0303 0001 0302 0204 0400 0302 0403 0403 0304 0102 0302 0202 0000 0402 0104 0203 0202 0302 0104 0101 0400 0402 0304 0102 0300 0401 0102 0104 0101 0401 0102 0401 0302 0204 0100 0004 0203 0301 0402 0204 0203 0401 0102 0002 0203 0402 0302 0303 0301 0303 0100 0104 0100 0404 0403 0101 0004 0302 0401 0103 0403 0100 0402 0403 0100 0403 0303 0104 0103 0202 0004 0304 0202 0202 0204 0404 0403 0103 0004 0301 0202 0102 0303 0304 0303 0201 0100 0404 0304 0402 0303 0404 0101 0403 0103 0403 0303 0300 0403 0202 0103 0002 0203 0203 0300 0102 0000 0404 0203 0100 0004 0102 0104 0403 0404 0202 0104 0101 0204 0301 0102 0301 0102 0103 0101 0301 0404 0402 0304 0101 0301 0102 0400 0401 0002 0203 0102 0303 0104 0003 0300 0202 0403 0202 0001 0003 0400 0302 0100 0401 0003 0402 0202 0204 0004 0204 0303 0203 0403 0201 0303 0401 0302 0004 0403 0302 0401 0403 0304 0102 0302 0200 0302 0402 0104 0203 0202 0302 0104 0101 0404 0402 0304 0102 0304 0203 0002 0104 0101 0401 0002 0001 0302 0104 0001 0100 0203 0101 0402 0204 0203 0004 0102 0302 0201 0402 0002 0303 0304 0303 0104 0104 0100 0104 0403 0101 0404 0302 0301 0103 0401 0004 0402 0403 0102 0403 0403 0104 0103 0200 0304 0104 0101 0102 0204 0404 0103 0103 0204 0303 0202 0102 0303 0304 0303 0201 0104 0403 0304 0402 0303 0004 0101 0403 0103 0403 0103 0303 0400 0202 0002 0202 0203 0200 0003 0002 0102 0404 0203 0102 0002 0102 0000 0203 0402 0202 0104 0101 0204 0301 0102 0301
28 , 0102 0104 0101 0300 0402 0402 0303 0101 0301 0100 0401 0400 0302 0203 0100 0303 0104 0101 0302 0304 0403 0202 0204 0103 0402 0302 0104 0401 0300 0402 0202 0204 0404 0301 0003 0203 0403 0201 0303 0401 0002 0204 0403 0302 0303 0403 0304 0002 0000 0102 0302 0402 0104 0203 0203 0302 0104 0101 0004 0402 0304 0102 0304 0001 0102 0004 0101 0403 0104 0400 0302 0304 0101 0000 0203 0301 0402 0000 0203 0404 0102 0302 0203 0002 0302 0203 0001 0300 0104 0204 0104 0104 0300 0101 0404 0302 0301 0100 0401 0104 0402 0403 0102 0403 0203 0100 0103 0204 0104 0104 0102 0200 0204 0404 0403 0102 0201 0300 0202 0102 0303 0304 0303 0201 0104 0004 0204 0400 0303 0404 0101 0404 0103 0403 0400 0403 0403 0302 0102 0201 0003 0203 0403 0102 0402 0400 0200 0100 0202 0100 0104 0203 0002 0202 0104 0101 0204 0301 0002 0301 0102 0102 0101 0301 0402 0402 0303 0101 0301 0102 0404 0401 0302 0203 0103 0303 0004 0101 0302 0200 0403 0201 0201 0103 0402 0302 0101 0401 0003 0400 0200 0204 0004 0301 0303 0203 0003 0201 0303 0304 0302 0204 0303 0303 0403 0403 0304 0002 0302 0202 0302 0402 0104 0203 0002 0302 0104 0103 0400 0400 0004 0002 0304 0201 0002 0104 0101 0401 0102 0400 0300 0304 0101 0104 0203 0301 0402 0200 0200 0404 0102 0302 0303 0402 0302 0303 0302 0303 0104 0104 0104 0104 0400 0401 0004 0302 0401 0103 0401 0104 0402 0403 0102 0403 0403 0300 0103 0202 0104 0104 0400 0402 0204 0404 0103 0103 0004 0201 0202 0102 0303 0104 0303 0201 0102 0404 0304 0404 0303 0104 0101 0103 0100 0403 0403 0302 0403 0202 0102 0203 0203 0203 0403 0102 0102 0404 0204 0003 0202 0102 0104 0203 0102 0202 0104 0101 0000 0301 0102 0301
29 , 0102 0402 0101 0301 0402 0402 0104 0101 0301 0102 0404 0401 0302 0003 0102 0003 0304 0001 0302 0202 0403 0202 0201 0103 0400 0300 0104 0401 0303 0402 0204 0204 0404 0301 0303 0100 0403 0201 0203 0401 0202 0204 0403 0302 0403 0403 0304 0102 0302 0202 0302 0402 0104 0203 0302 0301 0104 0201 0404 0102 0304 0102 0301 0201 0102 0100 0101 0401 0102 0401 0302 0100 0001 0100 0203 0301 0402 0204 0203 0404 0104 0302 0203 0400 0302 0303 0001 0303 0104 0000 0204 0104 0203 0101 0404 0302 0301 0203 0401 0104 0402 0103 0104 0403 0403 0304 0103 0202 0104 0104 0101 0202 0204 0404 0403 0103 0104 0300 0202 0000 0304 0300 0303 0201 0102 0404 0104 0402 0303 0404 0001 0403 0100 0403 0403 0303 0003 0202 0102 0202 0203 0201 0400 0102 0002 0404 0203 0103 0202 0102 0004 0203 0102 0202 0104 0101 0204 0301 0102 0301 0002 0102 0101 0001 0402 0400 0304 0201 0301 0002 0404 0001 0300 0203 0202 0303 0404 0100 0302 0202 0403 0202 0201 0103 0402 0302 0104 0401 0003 0402 0202 0104 0404 0301 0303 0203 0003 0201 0303 0404 0302 0004 0403 0402 0404 0403 0000 0102 0002 0301 0302 0400 0204 0203 0202 0302 0101 0301 0404 0402 0304 0102 0102 0001 0102 0104 0001 0401 0100 0401 0300 0104 0100 0104 0203 0301 0400 0204 0203 0404 0101 0302 0103 0402 0302 0301 0301 0303 0101 0104 0104 0104 0403 0101 0404 0301 0001 0103 0401 0104 0402 0403 0102 0403 0400 0104 0103 0202 0100 0104 0101 0202 0204 0404 0403 0103 0200 0301 0202 0000 0303 0304 0303 0201 0104 0404 0104 0402 0303 0404 0100 0403 0101 0403 0403 0303 0403 0202 0102 0202 0103 0203 0403 0302 0102 0404 0003 0303 0202 0102 0101 0203 0302 0202 0104 0101 0204 0301 0102 0301
30 , 0100 0303 0101 0301 0404 0402 0304 0101 0401 0100 0404 0401 0002 0203 0100 0300 0104 0101 0302 0202 0001 0202 0201 0103 0402 0403 0104 0401 0303 0402 0202 0204 0404 0301 0303 0203 0403 0200 0303 0401 0302 0203 0403 0302 0403 0402 0104 0102 0302 0402 0302 0402 0104 0204 0202 0302 0300 0101 0404 0402 0004 0102 0304 0201 0102 0104 0101 0401 0102 0001 0302 0104 0101 0104 0203 0301 0402 0204 0003 0400 0102 0102 0203 0402 0302 0303 0201 0304 0104 0104 0104 0104 0400 0101 0404 0302 0301 0103 0401 0104 0402 0403 0100 0000 0403 0300 0103 0204 0102 0104 0101 0201 0204 0104 0403 0103 0204 0301 0001 0102 0103 0004 0303 0201 0100 0400 0304 0401 0303 0404 0103 0403 0003 0401 0403 0303 0303 0200 0101 0302 0201 0203 0400 0102 0104 0004 0203 0103 0202 0102 0000 0203 0402 0202 0004 0101 0201 0301 0102 0301 0102 0102 0101 0301 0402 0402 0304 0101 0301 0002 0403 0000 0302 0203 0102 0403 0104 0101 0302 0202 0403 0202 0301 0103 0402 0302 0201 0401 0303 0402 0002 0204 0104 0301 0303 0200 0400 0201 0303 0401 0302 0204 0403 0302 0403 0003 0304 0102 0300 0200 0302 0002 0100 0203 0202 0000 0104 0101 0404 0402 0304 0102 0300 0203 0102 0104 0001 0403 0102 0401 0302 0104 0401 0104 0203 0301 0402 0204 0203 0004 0102 0303 0200 0404 0002 0303 0301 0303 0104 0104 0104 0103 0003 0102 0004 0302 0300 0103 0401 0102 0402 0003 0102 0403 0403 0104 0404 0202 0104 0104 0101 0002 0204 0404 0003 0103 0004 0303 0203 0102 0303 0304 0303 0201 0004 0404 0304 0300 0303 0404 0201 0403 0103 0403 0404 0303 0403 0202 0402 0202 0003 0203 0403 0002 0002 0404 0203 0103 0202 0102 0104 0203 0002 0202 0104 0101 0204 0301 0102 0301
31 , 0102 0102 0101 0300 0402 0402 0302 0101 0301 0100 0404 0401 0302 0203 0102 0300 0100 0002 0002 0202 0003 0400 0304 0103 0400 0302 0104 0401 0303 0402 0200 0404 0404 0301 0300 0203 0303 0201 0300 0401 0402 0200 0400 0302 0403 0403 0004 0002 0302 0202 0302 0402 0104 0203 0302 0302 0102 0101 0404 0402 0300 0102 0304 0200 0102 0101 0001 0401 0101 0001 0002 0104 0101 0101 0203 0301 0400 0204 0203 0403 0102 0302 0203 0402 0302 0303 0301 0301 0104 0100 0104 0104 0403 0100 0404 0300 0301 0103 0201 0104 0402 0400 0102 0403 0403 0104 0403 0202 0004 0104 0101 0204 0204 0404 0203 0100 0200 0301 0202 0304 0303 0304 0300 0201 0104 0403 0300 0002 0303 0404 0001 0403 0103 0000 0403 0302 0403 0203 0102 0202 0203 0203 0403 0102 0002 0404 0203 0103 0202 0102 0104 0203 0402 0002 0104 0201 0004 0301 0102 0301 0202 0102 0001 0301 0402 0102 0304 0101 0301 0102 0404 0400 0302 0203 0102 0303 0104 0100 0302 0200 0403 0200 0201 0103 0403 0302 0100 0401 0303 0402 0202 0000 0404 0301 0303 0203 0002 0200 0303 0400 0300 0204 0403 0300 0403 0403 0304 0102 0302 0204 0302 0402 0104 0203 0202 0302 0204 0101 0404 0400 0304 0100 0304 0201 0400 0100 0101 0401 0100 0404 0300 0104 0101 0104 0003 0300 0002 0200 0000 0400 0102 0302 0003 0402 0302 0303 0301 0300 0004 0104 0104 0101 0403 0101 0204 0300 0301 0103 0401 0104 0402 0400 0102 0003 0403 0104 0103 0302 0104 0104 0101 0200 0200 0404 0403 0003 0204 0201 0202 0100 0303 0303 0304 0201 0104 0404 0304 0402 0303 0404 0101 0403 0103 0403 0403 0003 0403 0102 0404 0202 0203 0203 0403 0302 0304 0400 0203 0103 0202 0102 0104 0203 0402 0202 0004 0100 0203 0001 0102 0001
32 , 0100 0002 0102 0301 0402 0402 0104 0001 0301 0102 0400 0401 0300 0203 0102 0300 0304 0100 0302 0202 0403 0200 0201 0003 0002 0302 0104 0401 0404 0402 0204 0204 0004 0301 0303 0103 0403 0201 0003 0401 0202 0200 0403 0002 0403 0403 0304 0102 0300 0202 0302 0402 0100 0203 0202 0302 0104 0201 0400 0102 0004 0102 0001 0201 0102 0104 0101 0401 0102 0401 0302 0103 0101 0104 0203 0301 0402 0204 0203 0104 0104 0302 0203 0402 0302 0303 0301 0303 0104 0104 0204 0104 0203 0101 0004 0300 0301 0103 0401 0104 0402 0403 0102 0400 0403 0304 0103 0002 0104 0004 0101 0202 0204 0404 0000 0103 0204 0301 0202 0102 0304 0302 0303 0201 0104 0004 0104 0402 0303 0404 0101 0403 0103 0403 0403 0003 0403 0202 0102 0202 0203 0203 0403 0102 0102 0404 0003 0100 0202 0102 0104 0203 0100 0200 0104 0101 0204 0301 0102 0401 0101 0102 0101 0301 0002 0402 0004 0101 0300 0102 0404 0401 0300 0203 0102 0303 0104 0101 0301 0100 0403 0202 0200 0103 0402 0302 0104 0401 0303 0002 0202 0204 0404 0301 0003 0203 0400 0201 0300 0401 0302 0204 0003 0302 0403 0403 0304 0002 0002 0202 0102 0403 0304 0203 0202 0002 0104 0101 0401 0002 0304 0102 0304 0001 0103 0404 0101 0401 0102 0403 0302 0104 0100 0104 0203 0301 0402 0204 0200 0400 0102 0302 0203 0402 0302 0003 0301 0103 0104 0104 0102 0104 0403 0101 0400 0302 0001 0103 0401 0104 0402 0403 0102 0403 0403 0104 0104 0202 0104 0104 0101 0202 0204 0404 0403 0103 0204 0301 0402 0102 0303 0301 0303 0201 0104 0104 0304 0400 0303 0200 0103 0003 0103 0403 0403 0303 0403 0202 0102 0302 0201 0203 0303 0002 0002 0404 0200 0103 0202 0102 0104 0203 0404 0202 0104 0101 0404 0001 0002 0301
33 , 0302 0102 0101 0300 0402 0402 0204 0304 0301 0102 0400 0401 0302 0203 0102 0303 0104 0101 0302 0002 0403 0400 0201 0103 0402 0302 0104 0401 0303 0402 0202 0204 0404 0301 0301 0003 0403 0101 0100 0401 0302 0204 0303 0302 0203 0403 0304 0100 0302 0202 0302 0402 0104 0200 0202 0302 0104 0000 0404 0002 0304 0100 0304 0301 0102 0404 0101 0401 0102 0001 0002 0100 0201 0104 0103 0302 0402 0204 0203 0404 0102 0302 0203 0402 0302 0101 0301 0303 0004 0004 0100 0103 0403 0001 0401 0302 0304 0103 0400 0102 0402 0403 0102 0403 0403 0104 0103 0002 0104 0104 0101 0202 0200 0400 0003 0103 0204 0000 0202 0102 0303 0304 0303 0201 0104 0401 0304 0402 0303 0400 0102 0403 0103 0103 0403 0103 0401 0202 0102 0202 0200 0203 0401 0102 0102 0104 0203 0103 0202 0102 0104 0203 0402 0202 0104 0401 0204 0401 0102 0301 0102 0100 0101 0301 0402 0400 0304 0103 0301 0102 0104 0401 0304 0200 0102 0403 0104 0101 0400 0202 0403 0202 0201 0103 0402 0302 0100 0401 0303 0401 0202 0204 0404 0000 0303 0203 0403 0201 0002 0400 0302 0204 0003 0302 0403 0403 0304 0004 0402 0202 0302 0402 0100 0203 0202 0300 0004 0101 0404 0400 0304 0102 0304 0201 0102 0104 0101 0401 0102 0401 0302 0104 0101 0104 0203 0201 0402 0204 0203 0404 0102 0002 0201 0102 0002 0000 0301 0300 0104 0104 0104 0304 0003 0400 0401 0301 0301 0103 0401 0100 0402 0403 0102 0403 0403 0104 0102 0002 0104 0104 0101 0202 0204 0400 0403 0103 0204 0301 0204 0102 0303 0304 0303 0001 0000 0404 0304 0102 0303 0404 0101 0403 0001 0203 0403 0303 0102 0202 0002 0202 0202 0203 0404 0102 0402 0403 0000 0003 0202 0102 0104 0203 0402 0202 0000 0100 0204 0301 0102 0401
34 , 0002 0102 0101 0301 0402 0102 0304 0101 0301 0102 0404 0401 0002 0200 0102 0303 0104 0001 0302 0202 0003 0202 0201 0103 0403 0302 0104 0401 0303 0402 0003 0204 0404 0301 0303 0203 0403 0201 0303 0401 0302 0204 0404 0302 0400 0003 0004 0100 0300 0204 0302 0400 0100 0203 0202 0302 0104 0001 0004 0004 0304 0102 0300 0201 0402 0104 0101 0401 0102 0401 0304 0100 0101 0100 0203 0301 0402 0200 0203 0404 0102 0302 0203 0402 0302 0303 0301 0300 0204 0104 0104 0103 0403 0101 0404 0302 0001 0103 0401 0004 0402 0003 0002 0403 0403 0104 0103 0202 0104 0104 0101 0202 0204 0404 0403 0103 0204 0201 0200 0102 0303 0303 0003 0201 0004 0404 0304 0402 0303 0404 0101 0403 0103 0403 0403 0303 0403 0102 0104 0202 0203 0203 0403 0302 0302 0400 0003 0103 0202 0102 0104 0203 0202 0202 0104 0101 0202 0300 0102 0301 0102 0100 0100 0301 0402 0400 0304 0001 0301 0102 0400 0401 0302 0003 0100 0300 0104 0102 0302 0202 0403 0202 0204 0103 0402 0000 0104 0000 0303 0402 0202 0204 0404 0301 0301 0203 0303 0201 0303 0401 0200 0200 0403 0300 0401 0003 0204 0102 0302 0202 0302 0402 0104 0203 0302 0302 0102 0101 0404 0402 0304 0102 0300 0201 0102 0104 0001 0401 0001 0400 0302 0104 0101 0101 0203 0301 0402 0004 0003 0003 0102 0302 0203 0402 0002 0303 0301 0302 0101 0104 0104 0104 0403 0101 0400 0302 0301 0101 0201 0100 0402 0403 0102 0403 0403 0003 0403 0202 0104 0104 0101 0202 0204 0404 0300 0103 0204 0301 0302 0104 0303 0304 0303 0201 0104 0400 0302 0102 0303 0404 0101 0403 0103 0403 0403 0302 0403 0203 0102 0202 0203 0203 0400 0102 0102 0404 0003 0103 0200 0102 0104 0203 0401 0202 0104 0101 0404 0301 0102 0301
35 , 0102 0104 0101 0001 0402 0102 0304 0101 0301 0102 0300 0403 0202 0203 0101 0300 0104 0101 0303 0200 0201 0202 0201 0103 0402 0002 0100 0401 0303 0004 0000 0204 0304 0301 0303 0203 0403 0201 0303 0401 0302 0204 0003 0402 0403 0403 0002 0101 0302 0201 0302 0402 0104 0003 0200 0302 0104 0101 0404 0402 0304 0100 0301 0001 0102 0104 0101 0000 0103 0401 0302 0104 0102 0104 0200 0301 0404 0004 0004 0404 0102 0302 0203 0400 0002 0303 0301 0303 0104 0104 0004 0104 0403 0001 0404 0301 0203 0103 0402 0101 0202 0403 0102 0400 0403 0100 0103 0202 0104 0103 0101 0200 0204 0404 0403 0003 0204 0301 0202 0102 0303 0303 0303 0401 0404 0404 0304 0103 0003 0404 0101 0403 0103 0003 0403 0403 0403 0202 0104 0002 0203 0003 0403 0102 0102 0404 0203 0403 0202 0002 0104 0203 0202 0202 0004 0101 0204 0301 0102 0301 0102 0104 0101 0301 0402 0402 0301 0101 0301 0102 0401 0204 0302 0003 0102 0003 0104 0101 0302 0202 0403 0202 0200 0100 0402 0402 0104 0400 0303 0002 0202 0004 0004 0001 0303 0204 0403 0400 0303 0401 0300 0204 0400 0302 0003 0403 0104 0102 0302 0201 0302 0402 0104 0203 0202 0302 0101 0101 0404 0402 0304 0102 0304 0201 0102 0100 0100 0401 0102 0401 0002 0104 0102 0104 0203 0001 0402 0204 0203 0004 0102 0302 0203 0104 0002 0103 0401 0303 0003 0104 0104 0104 0403 0101 0004 0302 0300 0103 0401 0104 0401 0403 0102 0403 0203 0104 0103 0202 0104 0104 0101 0402 0200 0404 0403 0103 0204 0301 0202 0002 0303 0304 0303 0201 0104 0404 0304 0402 0403 0404 0101 0403 0103 0403 0403 0303 0403 0202 0103 0302 0204 0203 0404 0102 0102 0404 0203 0103 0202 0102 0104 0203 0402 0202 0204 0201 0200 0300 0104 0301
36 , 0102 0102 0001 0301 0402 0102 0303 0101 0301 0102 0304 0401 0002 0203 0102 0303 0104 0101 0302 0202 0403 0102 0201 0104 0402 0004 0304 0401 0403 0402 0002 0204 0404 0301 0203 0203 0403 0201 0303 0402 0304 0004 0402 0302 0003 0403 0304 0003 0302 0202 0302 0402 0104 0203 0200 0002 0104 0100 0404 0402 0304 0102 0300 0001 0102 0101 0101 0401 0102 0400 0302 0104 0101 0104 0203 0300 0402 0200 0203 0404 0101 0402 0203 0402 0002 0303 0303 0403 0104 0104 0204 0104 0403 0101 0104 0302 0301 0003 0401 0004 0402 0402 0102 0403 0002 0104 0000 0000 0104 0104 0401 0002 0204 0403 0403 0103 0304 0401 0202 0100 0303 0301 0303 0200 0204 0404 0304 0402 0003 0404 0103 0403 0103 0403 0404 0303 0403 0202 0002 0001 0203 0203 0403 0102 0102 0404 0003 0103 0202 0101 0104 0203 0402 0202 0104 0101 0104 0000 0102 0303 0102 0102 0101 0301 0402 0002 0300 0102 0301 0102 0404 0400 0302 0200 0102 0203 0104 0003 0302 0202 0103 0202 0201 0101 0404 0302 0104 0401 0303 0002 0200 0204 0402 0301 0300 0203 0401 0201 0303 0401 0201 0204 0403 0302 0403 0403 0304 0302 0302 0202 0302 0402 0104 0203 0202 0102 0204 0101 0004 0402 0304 0100 0304 0003 0402 0104 0001 0401 0102 0401 0302 0104 0101 0104 0203 0301 0402 0204 0203 0400 0102 0300 0201 0402 0302 0303 0302 0103 0104 0104 0104 0004 0403 0201 0404 0100 0301 0103 0001 0104 0402 0402 0101 0403 0403 0104 0103 0202 0100 0104 0101 0102 0204 0404 0403 0402 0304 0301 0202 0102 0303 0304 0203 0202 0104 0404 0304 0401 0303 0404 0101 0002 0203 0003 0403 0403 0403 0202 0100 0202 0202 0203 0103 0102 0102 0104 0203 0103 0202 0102 0104 0201 0402 0202 0004 0101 0204 0301 0102 0301
37 , 0102 0102 0301 0301 0202 0402 0304 0101 0301 0102 0404 0401 0302 0203 0104 0303 0104 0101 0302 0202 0403 0202 0001 0103 0400 0302 0104 0401 0303 0402 0202 0204 0404 0301 0400 0203 0403 0201 0304 0004 0302 0204 0403 0402 0403 0403 0302 0102 0302 0202 0302 0402 0104 0203 0202 0302 0104 0101 0404 0402 0104 0100 0300 0001 0102 0104 0100 0401 0102 0001 0302 0104 0101 0004 0203 0301 0402 0204 0203 0404 0102 0302 0203 0002 0302 0300 0301 0303 0100 0104 0104 0104 0403 0101 0404 0302 0300 0103 0400 0104 0402 0403 0402 0403 0403 0104 0103 0202 0104 0104 0101 0202 0204 0400 0303 0103 0000 0301 0402 0102 0300 0300 0303 0201 0104 0004 0104 0402 0303 0404 0101 0403 0103 0403 0403 0303 0403 0202 0102 0202 0103 0203 0003 0002 0102 0404 0200 0103 0202 0102 0104 0203 0002 0202 0104 0101 0204 0001 0102 0001 0302 0002 0101 0201 0402 0402 0304 0101 0301 0102 0404 0001 0302 0202 0102 0303 0104 0001 0301 0302 0403 0202 0201 0103 0402 0302 0104 0402 0000 0402 0200 0204 0404 0300 0000 0203 0403 0001 0304 0402 0302 0204 0403 0202 0400 0403 0304 0100 0302 0202 0302 0003 0204 0203 0202 0302 0004 0101 0404 0404 0404 0102 0304 0201 0102 0100 0101 0400 0102 0401 0300 0103 0001 0004 0203 0301 0402 0204 0203 0403 0102 0302 0203 0402 0402 0304 0301 0303 0104 0104 0404 0104 0403 0202 0401 0302 0301 0103 0401 0104 0002 0403 0102 0403 0403 0104 0103 0004 0101 0104 0101 0202 0202 0404 0403 0103 0204 0301 0202 0002 0303 0304 0003 0201 0004 0404 0404 0402 0300 0400 0101 0403 0103 0403 0403 0003 0003 0202 0002 0202 0203 0203 0103 0102 0102 0404 0203 0103 0202 0102 0100 0203 0402 0202 0104 0001 0204 0301 0102 0301
38 , 0101 0402 0101 0301 0402 0402 0304 0101 0301 0102 0404 0401 0302 0203 0402 0303 0304 0101 0402 0202 0403 0000 0201 0403 0302 0302 0004 0401 0003 0402 0202 0204 0404 0302 0303 0203 0103 0201 0301 0101 0302 0204 0400 0302 0403 0403 0300 0102 0302 0202 0302 0402 0101 0201 0202 0302 0104 0101 0304 0402 0304 0102 0304 0201 0300 0104 0101 0401 0000 0000 0302 0100 0100 0104 0203 0301 0401 0204 0103 0402 0100 0302 0203 0402 0302 0303 0301 0303 0104 0104 0104 0104 0403 0101 0404 0302 0301 0303 0401 0104 0402 0403 0102 0403 0403 0104 0102 0002 0104 0204 0101 0200 0204 0402 0003 0103 0204 0301 0202 0102 0003 0304 0300 0201 0104 0404 0304 0402 0303 0404 0001 0000 0103 0403 0402 0303 0203 0202 0402 0302 0203 0203 0403 0003 0102 0404 0203 0103 0202 0402 0104 0203 0402 0202 0104 0101 0204 0301 0102 0300 0102 0102 0104 0301 0002 0402 0304 0101 0301 0102 0400 0001 0002 0203 0102 0303 0104 0100 0300 0202 0403 0202 0201 0103 0202 0302 0100 0401 0303 0402 0202 0204 0404 0301 0303 0203 0400 0201 0303 0401 0302 0204 0403 0302 0400 0003 0300 0102 0002 0302 0000 0402 0104 0203 0202 0302 0004 0100 0404 0402 0304 0102 0304 0201 0102 0100 0101 0403 0101 0401 0302 0104 0101 0104 0203 0301 0402 0104 0203 0004 0302 0302 0203 0402 0302 0203 0300 0303 0104 0104 0304 0104 0303 0101 0404 0302 0301 0401 0400 0104 0402 0403 0102 0403 0403 0100 0103 0202 0100 0104 0001 0302 0202 0204 0103 0103 0204 0302 0202 0102 0303 0304 0300 0201 0104 0404 0304 0402 0303 0404 0101 0403 0103 0403 0400 0303 0400 0202 0102 0203 0203 0203 0003 0000 0102 0004 0203 0104 0202 0402 0104 0203 0202 0200 0104 0101 0204 0301 0102 0301
39 , 0100 0103 0101 0301 0401 0402 0304 0101 0001 0102 0404 0404 0302 0203 0104 0303 0404 0001 0302 0202 0403 0202 0201 0103 0402 0302 0104 0401 0303 0000 0202 0203 0404 0301 0303 0203 0401 0201 0303 0401 0300 0404 0003 0302 0403 0403 0304 0100 0302 0002 0302 0402 0104 0203 0202 0002 0102 0100 0404 0402 0304 0100 0001 0201 0102 0104 0300 0001 0103 0401 0002 0104 0101 0104 0403 0301 0402 0204 0203 0404 0103 0302 0203 0402 0300 0303 0301 0303 0103 0104 0004 0102 0403 0101 0103 0302 0301 0003 0401 0004 0402 0103 0102 0403 0303 0104 0103 0202 0101 0104 0101 0402 0204 0404 0403 0403 0204 0301 0202 0102 0104 0300 0303 0201 0104 0404 0304 0302 0303 0000 0100 0403 0403 0403 0403 0303 0400 0202 0102 0202 0203 0203 0403 0402 0200 0004 0203 0003 0200 0102 0104 0203 0100 0202 0004 0002 0204 0301 0102 0101 0101 0102 0101 0301 0402 0402 0304 0100 0301 0102 0004 0401 0302 0203 0102 0303 0304 0103 0402 0202 0403 0200 0201 0403 0302 0302 0104 0101 0303 0401 0202 0204 0004 0302 0303 0203 0403 0001 0301 0001 0302 0004 0404 0302 0401 0403 0300 0102 0002 0202 0302 0402 0104 0003 0200 0302 0104 0101 0404 0402 0300 0102 0304 0203 0302 0102 0100 0400 0102 0401 0302 0104 0101 0104 0203 0301 0001 0204 0203 0404 0100 0302 0203 0403 0302 0303 0301 0303 0104 0304 0104 0304 0403 0101 0404 0302 0301 0103 0401 0104 0402 0403 0002 0403 0403 0104 0101 0202 0004 0200 0101 0202 0204 0402 0403 0103 0204 0001 0202 0102 0303 0304 0303 0100 0004 0000 0000 0402 0303 0400 0100 0403 0103 0403 0402 0300 0403 0202 0202 0302 0203 0203 0403 0102 0102 0404 0003 0103 0201 0102 0104 0200 0402 0202 0104 0201 0204 0101 0102 0301
40 , 0102 0102 0100 0301 0402 0402 0304 0101 0301 0102 0404 0401 0302 0203 0002 0303 0104 0100 0304 0202 0403 0202 0201 0103 0402 0302 0204 0401 0303 0403 0200 0204 0404 0301 0303 0200 0403 0104 0303 0401 0302 0200 0403 0302 0003 0403 0304 0002 0302 0304 0300 0402 0104 0303 0202 0302 0404 0101 0404 0402 0304 0102 0304 0201 0102 0100 0101 0401 0101 0401 0302 0104 0101 0104 0203 0301 0402 0204 0203 0404 0302 0300 0203 0402 0002 0203 0003 0303 0100 0104 0104 0100 0403 0201 0402 0302 0301 0100 0401 0104 0402 0403 0102 0403 0403 0104 0103 0202 0104 0104 0101 0202 0202 0304 0103 0100 0204 0301 0202 0102 0003 0304 0303 0201 0104 0404 0004 0402 0303 0404 0101 0400 0103 0401 0003 0303 0403 0202 0302 0202 0201 0203 0403 0100 0102 0104 0203 0103 0202 0102 0104 0203 0200 0201 0104 0000 0204 0301 0102 0001 0103 0102 0100 0301 0402 0402 0300 0101 0302 0102 0404 0401 0302 0203 0102 0403 0100 0101 0302 0202 0403 0202 0201 0100 0400 0302 0101 0401 0300 0402 0202 0204 0404 0301 0303 0201 0403 0201 0003 0401 0302 0204 0403 0302 0403 0403 0304 0102 0302 0202 0002 0402 0104 0101 0202 0401 0104 0001 0404 0400 0304 0102 0304 0203 0102 0104 0101 0003 0102 0401 0302 0104 0301 0100 0203 0001 0402 0204 0203 0404 0002 0003 0203 0402 0300 0304 0001 0303 0104 0104 0104 0104 0400 0102 0404 0302 0301 0103 0401 0102 0400 0403 0102 0403 0403 0104 0104 0202 0104 0104 0101 0002 0204 0004 0403 0103 0204 0003 0300 0102 0003 0304 0303 0201 0100 0404 0304 0400 0200 0404 0101 0403 0103 0400 0403 0303 0403 0202 0002 0202 0203 0203 0403 0102 0102 0404 0203 0403 0002 0102 0104 0203 0402 0002 0104 0101 0204 0300 0102 0301
41 , 0102 0102 0101 0301 0402 0002 0300 0101 0303 0100 0403 0401 0302 0200 0102 0303 0004 0201 0302 0200 0400 0202 0301 0103 0402 0302 0104 0401 0300 0402 0202 0204 0404 0301 0303 0200 0103 0201 0303 0001 0202 0204 0202 0302 0403 0400 0304 0102 0002 0202 0302 0402 0104 0200 0202 0002 0104 0101 0404 0402 0104 0102 0304 0201 0101 0104 0101 0401 0102 0401 0302 0104 0100 0004 0003 0301 0000 0200 0203 0301 0102 0002 0203 0402 0301 0303 0301 0300 0104 0104 0104 0100 0400 0101 0404 0302 0301 0103 0401 0104 0402 0103 0102 0403 0403 0104 0103 0202 0104 0104 0100 0203 0304 0404 0003 0203 0204 0101 0202 0102 0300 0304 0303 0200 0104 0300 0304 0402 0303 0404 0401 0004 0100 0400 0203 0303 0003 0202 0100 0202 0003 0203 0403 0102 0002 0404 0203 0103 0204 0102 0104 0203 0400 0202 0104 0101 0004 0301 0102 0301 0402 0102 0104 0301 0302 0400 0304 0101 0300 0102 0404 0401 0302 0203 0102 0303 0104 0101 0302 0202 0202 0202 0201 0103 0402 0302 0104 0201 0303 0402 0200 0204 0404 0301 0303 0203 0203 0201 0303 0401 0302 0204 0403 0302 0403 0403 0304 0102 0302 0202 0300 0402 0104 0203 0002 0302 0104 0100 0404 0402 0002 0202 0104 0201 0100 0104 0001 0201 0102 0401 0302 0104 0101 0104 0203 0301 0401 0204 0200 0404 0100 0302 0203 0402 0302 0303 0301 0303 0104 0104 0100 0104 0403 0101 0404 0302 0301 0103 0401 0104 0402 0403 0100 0403 0003 0000 0103 0202 0104 0104 0101 0204 0204 0204 0403 0103 0004 0000 0200 0102 0303 0300 0303 0200 0004 0404 0300 0002 0103 0404 0101 0403 0303 0400 0303 0303 0403 0200 0100 0201 0003 0203 0403 0102 0102 0404 0203 0103 0202 0100 0104 0203 0402 0202 0101 0103 0204 0101 0102 0301
42 , 0100 0102 0101 0301 0402 0302 0300 0101 0301 0102 0404 0201 0302 0000 0102 0303 0204 0101 0302 0202 0200 0202 0204 0103 0402 0302 0104 0004 0303 0402 0202 0204 0404 0301 0403 0203 0100 0201 0403 0400 0302 0204 0403 0302 0402 0403 0304 0102 0304 0202 0302 0402 0004 0200 0202 0003 0404 0100 0404 0402 0304 0102 0304 0001 0102 0100 0101 0401 0002 0401 0302 0104 0401 0104 0203 0201 0402 0200 0203 0404 0102 0302 0403 0402 0302 0303 0301 0303 0004 0104 0104 0104 0403 0101 0404 0302 0301 0103 0401 0404 0402 0203 0103 0403 0002 0104 0103 0202 0204 0103 0101 0302 0000 0000 0403 0103 0004 0301 0202 0103 0303 0304 0304 0201 0104 0404 0204 0402 0303 0004 0101 0403 0003 0401 0402 0303 0404 0202 0102 0302 0003 0203 0403 0102 0102 0404 0200 0103 0202 0102 0204 0203 0402 0202 0104 0101 0201 0301 0102 0000 0102 0102 0101 0301 0402 0202 0304 0101 0303 0102 0404 0401 0002 0203 0103 0303 0104 0101 0302 0202 0002 0202 0201 0003 0402 0302 0104 0401 0303 0202 0200 0204 0404 0301 0303 0203 0103 0201 0303 0401 0002 0204 0403 0302 0403 0403 0304 0102 0300 0202 0302 0102 0103 0203 0202 0401 0101 0101 0400 0402 0104 0102 0304 0201 0102 0104 0101 0401 0102 0400 0302 0104 0101 0100 0203 0301 0402 0204 0200 0404 0102 0302 0203 0402 0302 0301 0301 0302 0104 0104 0104 0104 0400 0101 0404 0302 0301 0103 0400 0004 0402 0403 0102 0403 0400 0104 0103 0202 0004 0004 0101 0203 0304 0404 0403 0103 0204 0000 0202 0102 0303 0304 0303 0001 0004 0304 0304 0402 0303 0404 0101 0103 0103 0403 0403 0303 0303 0202 0102 0200 0200 0200 0403 0302 0102 0404 0203 0103 0004 0102 0104 0003 0400 0302 0104 0101 0204 0301 0102 0301
43 , 0102 0102 0100 0301 0402 0402 0301 0100 0301 0102 0004 0402 0202 0403 0101 0303 0204 0101 0302 0202 0403 0202 0000 0403 0402 0300 0104 0400 0303 0402 0202 0204 0304 0303 0303 0203 0400 0201 0303 0401 0302 0204 0403 0300 0403 0403 0304 0101 0302 0202 0302 0404 0100 0203 0202 0202 0104 0201 0004 0402 0304 0102 0304 0201 0102 0100 0101 0401 0102 0401 0302 0104 0101 0104 0203 0301 0402 0104 0203 0404 0102 0002 0203 0400 0302 0103 0301 0303 0104 0104 0104 0400 0400 0101 0004 0001 0303 0103 0401 0101 0402 0403 0102 0403 0403 0104 0103 0002 0100 0104 0103 0202 0004 0404 0403 0103 0204 0301 0202 0102 0303 0304 0303 0201 0304 0404 0304 0400 0303 0004 0101 0202 0103 0403 0403 0303 0403 0202 0102 0202 0203 0000 0400 0102 0002 0400 0203 0103 0202 0102 0101 0203 0202 0202 0102 0101 0400 0300 0102 0301 0102 0302 0101 0101 0402 0402 0304 0101 0001 0102 0404 0401 0203 0201 0101 0303 0104 0001 0300 0202 0404 0000 0201 0104 0400 0302 0100 0401 0300 0402 0202 0204 0404 0301 0303 0103 0403 0201 0302 0401 0302 0303 0203 0302 0403 0400 0304 0102 0302 0202 0302 0402 0104 0203 0202 0302 0104 0001 0404 0404 0304 0102 0304 0201 0102 0204 0101 0401 0102 0000 0300 0104 0101 0104 0203 0301 0402 0204 0203 0004 0102 0002 0203 0402 0302 0303 0001 0303 0304 0104 0104 0104 0403 0101 0004 0302 0301 0103 0401 0104 0403 0403 0102 0403 0404 0004 0103 0302 0104 0304 0101 0202 0204 0404 0403 0102 0204 0302 0202 0102 0303 0304 0004 0201 0104 0404 0204 0002 0303 0402 0101 0403 0103 0403 0400 0003 0003 0201 0102 0202 0403 0203 0003 0102 0102 0404 0003 0100 0200 0102 0004 0203 0403 0202 0104 0101 0204 0301 0102 0301
44 , 0002 0102 0301 0301 0400 0402 0304 0101 0301 0102 0404 0001 0300 0303 0102 0303 0100 0100 0302 0202 0403 0200 0201 0103 0202 0303 0003 0401 0303 0103 0200 0204 0004 0301 0300 0200 0403 0201 0303 0401 0002 0204 0403 0302 0400 0403 0304 0102 0302 0202 0002 0402 0104 0203 0202 0302 0104 0101 0404 0402 0304 0102 0304 0201 0102 0100 0103 0400 0202 0001 0202 0104 0101 0104 0003 0301 0402 0204 0203 0404 0101 0302 0203 0402 0202 0003 0302 0303 0104 0100 0104 0100 0403 0101 0404 0302 0301 0003 0101 0104 0402 0401 0102 0403 0402 0104 0101 0202 0104 0104 0101 0202 0204 0402 0403 0203 0204 0101 0202 0100 0303 0300 0303 0201 0104 0404 0304 0402 0302 0404 0001 0103 0103 0403 0403 0303 0403 0002 0102 0202 0203 0303 0303 0202 0102 0404 0203 0103 0202 0102 0104 0203 0402 0202 0102 0101 0204 0401 0102 0301 0102 0102 0100 0301 0400 0400 0304 0100 0301 0000 0404 0401 0302 0203 0103 0403 0104 0101 0302 0202 0203 0200 0201 0103 0402 0003 0103 0401 0303 0403 0202 0104 0404 0301 0303 0203 0403 0201 0303 0401 0303 0204 0403 0302 0203 0103 0300 0102 0302 0201 0302 0402 0104 0203 0204 0302 0104 0300 0404 0404 0304 0102 0303 0203 0102 0104 0001 0401 0102 0401 0303 0101 0401 0104 0003 0301 0402 0204 0203 0404 0002 0302 0203 0302 0302 0303 0301 0303 0204 0102 0000 0104 0403 0101 0404 0302 0301 0103 0401 0104 0402 0403 0103 0003 0003 0103 0103 0202 0104 0104 0101 0200 0200 0404 0003 0103 0204 0301 0202 0102 0203 0404 0303 0201 0104 0404 0304 0403 0303 0404 0101 0403 0003 0403 0003 0303 0403 0202 0102 0202 0203 0203 0403 0103 0100 0404 0003 0103 0202 0102 0004 0403 0402 0202 0100 0101 0004 0301 0102 0301
45 , 0102 0102 0101 0301 0402 0402 0304 0101 0301 0102 0404 0401 0302 0203 0402 0003 0104 0101 0302 0202 0403 0202 0201 0103 0400 0302 0101 0401 0303 0402 0200 0204 0404 0001 0001 0203 0401 0100 0303 0401 0302 0204 0403 0302 0403 0403 0300 0102 0302 0402 0300 0402 0104 0200 0202 0302 0104 0101 0404 0402 0004 0102 0304 0301 0102 0101 0102 0000 0102 0401 0002 0104 0101 0104 0201 0300 0402 0204 0203 0404 0102 0302 0403 0002 0302 0303 0301 0303 0104 0104 0104 0104 0403 0101 0404 0302 0001 0403 0301 0104 0402 0000 0102 0404 0403 0104 0103 0202 0000 0104 0101 0202 0004 0404 0200 0103 0204 0301 0202 0102 0003 0304 0303 0201 0104 0403 0304 0402 0303 0404 0101 0401 0103 0403 0403 0303 0003 0202 0102 0200 0202 0203 0403 0102 0102 0304 0203 0003 0202 0102 0102 0102 0404 0202 0104 0101 0204 0301 0104 0301 0102 0102 0101 0004 0000 0400 0304 0101 0301 0102 0400 0401 0302 0203 0102 0303 0104 0101 0302 0202 0403 0202 0201 0003 0402 0302 0104 0400 0003 0402 0202 0204 0404 0301 0303 0200 0403 0201 0303 0400 0302 0404 0403 0302 0403 0403 0304 0402 0002 0202 0302 0402 0204 0203 0200 0300 0104 0101 0404 0402 0304 0102 0304 0200 0101 0101 0101 0401 0202 0004 0302 0104 0101 0104 0203 0301 0002 0203 0203 0404 0102 0302 0203 0402 0302 0303 0002 0303 0404 0104 0304 0104 0400 0101 0301 0302 0301 0103 0401 0103 0402 0103 0102 0403 0403 0104 0103 0202 0104 0104 0101 0202 0204 0404 0403 0303 0204 0301 0202 0100 0003 0304 0403 0201 0104 0404 0304 0404 0303 0404 0101 0403 0103 0401 0403 0303 0403 0202 0103 0202 0203 0203 0403 0202 0102 0404 0203 0103 0200 0102 0104 0201 0400 0202 0104 0101 0200 0304 0102 0301
46 , 0100 0102 0100 0303 0402 0402 0300 0101 0301 0102 0304 0401 0302 0203 0002 0303 0104 0101 0302 0002 0100 0002 0201 0102 0402 0002 0104 0401 0300 0402 0102 0202 0404 0301 0303 0003 0403 0201 0302 0401 0002 0204 0403 0302 0403 0403 0302 0102 0302 0202 0302 0403 0104 0203 0202 0302 0104 0101 0404 0300 0304 0102 0304 0201 0102 0104 0101 0401 0102 0401 0300 0304 0101 0104 0203 0301 0402 0204 0203 0403 0102 0302 0203 0402 0302 0003 0301 0303 0104 0004 0104 0100 0403 0101 0404 0302 0001 0103 0401 0004 0403 0403 0102 0103 0203 0104 0103 0202 0103 0104 0101 0202 0004 0404 0403 0103 0204 0301 0202 0102 0303 0304 0303 0201 0104 0404 0304 0402 0000 0004 0101 0403 0103 0103 0403 0303 0403 0202 0302 0200 0203 0203 0403 0002 0102 0404 0203 0103 0202 0102 0104 0203 0400 0202 0004 0101 0204 0001 0100 0301 0100 0103 0104 0301 0402 0402 0304 0301 0301 0102 0404 0401 0302 0203 0102 0300 0104 0101 0102 0102 0003 0202 0201 0103 0402 0302 0104 0401 0303 0400 0204 0204 0004 0001 0303 0203 0400 0201 0303 0401 0302 0204 0403 0302 0403 0203 0104 0102 0302 0402 0000 0402 0104 0203 0202 0302 0304 0101 0404 0402 0304 0102 0000 0201 0102 0104 0101 0001 0102 0401 0302 0104 0101 0104 0003 0303 0402 0204 0203 0004 0100 0302 0203 0402 0302 0303 0301 0304 0102 0004 0104 0104 0403 0101 0304 0302 0301 0103 0401 0104 0402 0003 0002 0403 0403 0104 0103 0404 0104 0104 0101 0202 0204 0404 0403 0103 0201 0301 0202 0000 0303 0300 0303 0201 0100 0004 0304 0402 0303 0404 0101 0403 0103 0203 0403 0303 0403 0202 0102 0202 0203 0203 0403 0102 0104 0004 0203 0103 0002 0102 0104 0200 0402 0002 0100 0101 0204 0301 0102 0303
47 , 0102 0102 0101 0301 0400 0202 0304 0101 0001 0102 0004 0401 0302 0203 0102 0403 0104 0001 0302 0202 0403 0202 0201 0003 0402 0000 0300 0401 0303 0401 0202 0204 0404 0001 0403 0103 0003 0200 0303 0401 0302 0204 0403 0302 0203 0003 0304 0104 0302 0201 0302 0402 0104 0203 0202 0302 0004 0001 0404 0400 0304 0102 0304 0201 0100 0104 0101 0403 0102 0401 0302 0104 0401 0304 0203 0301 0002 0204 0203 0404 0102 0303 0003 0402 0302 0300 0301 0303 0104 0004 0004 0104 0303 0102 0404 0302 0301 0100 0401 0100 0402 0403 0102 0000 0403 0104 0104 0202 0104 0104 0101 0202 0004 0404 0003 0103 0204 0300 0202 0002 0303 0304 0303 0201 0101 0404 0304 0402 0303 0404 0101 0403 0103 0403 0400 0303 0403 0204 0402 0202 0003 0203 0403 0102 0102 0404 0203 0103 0202 0102 0104 0000 0400 0202 0104 0101 0404 0301 0002 0301 0103 0103 0104 0301 0402 0404 0004 0101 0001 0102 0204 0401 0402 0303 0102 0303 0104 0101 0302 0402 0403 0200 0200 0103 0402 0302 0104 0401 0303 0402 0202 0204 0404 0001 0303 0203 0404 0201 0303 0401 0300 0004 0403 0302 0403 0000 0104 0202 0302 0402 0202 0401 0104 0203 0402 0302 0304 0100 0404 0402 0004 0002 0304 0201 0102 0104 0101 0300 0102 0001 0300 0104 0101 0104 0003 0301 0402 0204 0203 0404 0102 0300 0200 0402 0302 0303 0301 0304 0304 0104 0104 0104 0403 0100 0404 0202 0301 0102 0401 0104 0402 0403 0102 0403 0403 0004 0103 0204 0004 0104 0101 0402 0204 0304 0403 0104 0204 0301 0202 0102 0003 0004 0303 0201 0104 0404 0304 0402 0003 0404 0101 0403 0100 0203 0403 0301 0403 0202 0102 0202 0203 0200 0400 0102 0100 0404 0203 0103 0202 0102 0100 0203 0002 0202 0104 0101 0204 0300 0102 0301
48 , 0102 0103 0104 0301 0403 0401 0004 0101 0401 0102 0204 0401 0402 0203 0102 0203 0100 0101 0302 0402 0400 0202 0200 0103 0402 0302 0104 0000 0303 0402 0202 0204 0404 0301 0303 0203 0404 0201 0003 0401 0302 0204 0403 0002 0403 0202 0104 0102 0300 0402 0202 0402 0104 0200 0402 0302 0304 0102 0404 0402 0104 0102 0304 0201 0102 0004 0101 0401 0102 0401 0302 0104 0101 0104 0403 0001 0402 0204 0203 0400 0102 0302 0203 0402 0302 0303 0304 0304 0104 0104 0104 0104 0402 0101 0401 0202 0301 0103 0401 0104 0402 0403 0002 0403 0403 0004 0103 0204 0104 0104 0101 0402 0204 0404 0403 0104 0204 0000 0202 0102 0303 0304 0303 0001 0104 0404 0304 0402 0303 0404 0101 0401 0103 0203 0403 0303 0403 0202 0102 0202 0203 0203 0403 0102 0104 0404 0203 0003 0202 0102 0104 0203 0402 0202 0104 0101 0204 0301 0102 0300 0102 0102 0101 0301 0002 0402 0304 0101 0301 0102 0400 0301 0002 0203 0302 0303 0104 0101 0302 0201 0403 0202 0201 0103 0400 0302 0103 0401 0300 0401 0202 0003 0404 0301 0300 0203 0403 0001 0303 0401 0302 0200 0400 0302 0403 0403 0304 0102 0302 0202 0302 0402 0104 0203 0202 0302 0100 0001 0404 0202 0302 0102 0304 0202 0100 0104 0100 0401 0102 0401 0300 0104 0100 0104 0203 0300 0404 0204 0200 0404 0102 0302 0203 0403 0302 0203 0301 0303 0104 0104 0104 0104 0404 0001 0404 0302 0101 0103 0404 0104 0402 0403 0102 0003 0402 0104 0103 0102 0104 0104 0101 0202 0203 0400 0402 0103 0204 0001 0002 0102 0303 0304 0303 0201 0104 0404 0304 0400 0303 0404 0101 0404 0003 0403 0003 0303 0403 0203 0100 0202 0203 0203 0403 0300 0102 0400 0203 0103 0201 0102 0104 0003 0403 0202 0104 0101 0104 0301 0102 0301
49 , 0102 0100 0101 0301 0402 0400 0303 0101 0301 0102 0404 0401 0302 0200 0102 0303 0104 0101 0302 0202 0403 0202 0200 0100 0402 0302 0104 0401 0303 0402 0200 0004 0404 0302 0303 0203 0203 0201 0303 0401 0302 0304 0003 0302 0403 0403 0304 0002 0302 0202 0302 0402 0004 0203 0202 0302 0104 0001 0404 0402 0304 0102 0304 0201 0102 0103 0101 0001 0102 0000 0302 0104 0101 0104 0203 0000 0402 0104 0203 0404 0102 0303 0203 0402 0300 0303 0301 0303 0204 0104 0103 0104 0403 0101 0404 0302 0101 0104 0401 0004 0402 0300 0102 0400 0403 0104 0100 0002 0104 0104 0101 0202 0204 0404 0403 0100 0204 0301 0202 0002 0303 0304 0303 0200 0104 0404 0304 0002 0301 0404 0000 0203 0003 0403 0203 0303 0403 0202 0102 0200 0003 0303 0403 0102 0202 0004 0200 0103 0002 0102 0100 0203 0100 0200 0304 0101 0204 0301 0002 0301 0102 0102 0201 0301 0202 0402 0304 0101 0300 0102 0304 0401 0302 0000 0104 0303 0104 0101 0002 0402 0403 0202 0201 0103 0402 0300 0104 0401 0303 0402 0202 0202 0404 0301 0403 0203 0403 0201 0304 0004 0302 0004 0403 0402 0403 0403 0304 0002 0300 0201 0302 0402 0404 0203 0202 0302 0104 0101 0404 0402 0104 0102 0304 0201 0102 0104 0101 0400 0102 0400 0302 0104 0101 0104 0203 0302 0002 0004 0203 0404 0102 0002 0203 0402 0302 0303 0301 0003 0104 0103 0104 0104 0403 0101 0404 0302 0301 0103 0401 0104 0402 0403 0302 0403 0403 0104 0103 0202 0104 0104 0101 0202 0204 0404 0403 0103 0201 0301 0400 0102 0300 0303 0303 0301 0104 0404 0304 0002 0303 0004 0100 0400 0103 0403 0403 0303 0403 0202 0002 0202 0103 0200 0403 0102 0102 0404 0203 0103 0202 0102 0104 0203 0402 0202 0104 0101 0204 0301 0102 0301
50 , 0002 0100 0101 0301 0402 0404 0304 0001 0301 0100 0403 0400 0002 0003 0100 0303 0104 0101 0302 0002 0403 0202 0201 0103 0402 0302 0104 0401 0303 0402 0201 0204 0404 0301 0303 0203 0403 0201 0303 0401 0302 0204 0403 0302 0403 0400 0304 0102 0302 0002 0302 0402 0104 0203 0202 0302 0104 0101 0404 0402 0404 0102 0304 0201 0002 0100 0101 0401 0102 0401 0304 0104 0102 0104 0203 0204 0402 0204 0200 0004 0102 0302 0200 0401 0302 0303 0101 0303 0000 0102 0304 0104 0403 0101 0404 0302 0301 0103 0301 0100 0402 0403 0102 0000 0403 0100 0103 0202 0001 0104 0301 0202 0004 0404 0403 0103 0204 0301 0002 0100 0303 0400 0303 0201 0204 0404 0304 0402 0300 0404 0100 0003 0103 0303 0100 0300 0403 0202 0102 0202 0203 0203 0403 0002 0102 0404 0200 0103 0202 0102 0104 0203 0002 0002 0104 0101 0204 0301 0000 0301 0102 0003 0101 0001 0402 0402 0304 0101 0301 0102 0404 0401 0202 0003 0102 0303 0100 0101 0302 0202 0003 0202 0201 0103 0402 0002 0104 0001 0303 0402 0202 0404 0404 0301 0000 0203 0403 0200 0003 0401 0301 0004 0403 0301 0403 0403 0304 0102 0302 0202 0302 0402 0104 0303 0202 0302 0100 0101 0404 0400 0404 0102 0004 0201 0102 0004 0101 0401 0102 0401 0302 0004 0101 0104 0203 0201 0402 0204 0203 0404 0003 0302 0200 0404 0002 0303 0101 0300 0300 0104 0104 0104 0003 0101 0404 0402 0301 0103 0301 0004 0402 0403 0102 0400 0003 0104 0103 0000 0101 0004 0301 0202 0204 0404 0403 0103 0200 0001 0002 0101 0304 0404 0303 0001 0100 0404 0304 0402 0103 0404 0101 0003 0103 0303 0202 0302 0403 0202 0000 0202 0003 0203 0400 0101 0102 0400 0203 0103 0202 0100 0100 0200 0002 0202 0104 0101 0203 0301 0102 0301