Auto-generated genotype output.
1
2
3
4
5
6
7
8
9
10
11
12
13
14
15
16
17
18
19
20
21
22
23
24
25
26
27
28
29
30
31
32
33
34
35
36
37
38
39
40
41
42
43
44
45
46
47
48
49
50
51
52
53
54
55
56
57
58
59
60
61
62
63
64
65
66
67
68
69
70
71
72
73
74
75
76
77
78
79
80
81
82
83
84
85
86
87
88
89
90
91
92
93
94
95
96
97
98
99
100
101
102
103
104
105
106
107
108
109
110
111
112
113
114
115
116
117
118
119
120
121
122
123
124
125
126
127
128
129
130
131
132
133
134
135
136
137
138
139
140
141
142
143
144
145
146
147
148
149
150
151
152
153
154
155
156
157
158
159
160
Pop
1 , 0101 0404 0101 0101 0101 0202 0404 0202 0404 0303 0303 0104 0303 0102 0404 0104 0303 0404 0404 0303 0102 0301 0404 0303 0401 0201 0101 0304 0101 0204 0101 0404 0202 0404 0404 0301 0203 0203 0202 0204 0203 0203 0404 0404 0103 0202 0302 0103 0404 0203 0402 0303 0303 0202 0404 0202 0303 0103 0101 0304 0303 0404 0303 0202 0403 0101 0404 0303 0101 0404 0101 0101 0303 0404 0403 0101 0104 0404 0202 0401 0404 0304 0203 0404 0303 0404 0101 0303 0202 0202 0101 0202 0101 0404 0404 0101 0101 0202 0101 0104 0203 0301 0101 0202 0104 0303 0102 0101 0404 0201 0404 0303 0303 0203 0404 0303 0403 0102 0101 0103 0303 0303 0404 0303 0301 0203 0201 0202 0101 0103 0303 0204 0302 0303 0401 0101 0404 0404 0202 0101 0304 0101 0101 0303 0402 0101 0101 0303 0101 0404 0404 0204 0404 0404 0304 0303 0402 0404 0202 0404 
2 , 0101 0404 0101 0101 0202 0202 0404 0402 0404 0303 0303 0101 0303 0102 0404 0101 0302 0404 0404 0303 0101 0101 0404 0303 0404 0101 0101 0403 0101 0202 0101 0404 0202 0404 0404 0101 0202 0303 0202 0404 0303 0303 0404 0404 0103 0202 0202 0303 0404 0202 0404 0302 0303 0202 0404 0202 0301 0301 0101 0404 0303 0402 0303 0202 0303 0102 0404 0103 0101 0404 0101 0101 0103 0403 0303 0101 0104 0404 0202 0104 0404 0404 0202 0204 0303 0404 0102 0303 0201 0204 0101 0202 0103 0202 0404 0101 0104 0202 0101 0401 0202 0103 0101 0102 0404 0303 0201 0101 0404 0101 0404 0303 0303 0203 0402 0203 0303 0202 0103 0303 0303 0303 0404 0303 0101 0303 0102 0202 0101 0301 0101 0204 0202 0301 0404 0101 0402 0304 0102 0101 0303 0101 0201 0202 0402 0101 0101 0303 0303 0404 0404 0204 0404 0404 0303 0203 0402 0404 0202 0101 
3 , 0101 0404 0101 0301 0201 0202 0404 0202 0404 0303 0303 0101 0303 0101 0104 0101 0303 0204 0404 0202 0101 0101 0404 0202 0404 0101 0101 0303 0404 0202 0101 0404 0202 0404 0404 0101 0302 0303 0201 0404 0303 0203 0401 0404 0301 0202 0202 0303 0404 0202 0204 0303 0303 0202 0404 0202 0301 0101 0201 0303 0202 0404 0303 0202 0403 0202 0404 0303 0101 0404 0101 0104 0301 0404 0403 0101 0401 0404 0202 0401 0404 0403 0202 0204 0303 0404 0101 0302 0201 0202 0101 0201 0101 0404 0204 0101 0401 0203 0101 0404 0303 0303 0301 0102 0404 0303 0102 0101 0404 0102 0401 0302 0303 0302 0404 0203 0303 0202 0101 0103 0303 0303 0204 0303 0101 0303 0202 0202 0101 0303 0101 0202 0203 0301 0101 0101 0204 0404 0202 0101 0303 0103 0102 0202 0202 0104 0201 0303 0101 0404 0404 0402 0404 0404 0303 0303 0404 0404 0201 0101 
4 , 0101 0404 0101 0101 0201 0202 0404 0404 0404 0303 0303 0104 0202 0201 0404 0101 0303 0404 0404 0203 0102 0103 0404 0202 0404 0201 0101 0404 0101 0202 0104 0402 0202 0404 0404 0101 0302 0203 0201 0404 0202 0303 0404 0404 0303 0102 0202 0301 0404 0203 0404 0303 0303 0202 0404 0203 0303 0101 0201 0403 0202 0402 0303 0302 0304 0101 0404 0303 0101 0404 0102 0101 0303 0404 0403 0101 0404 0404 0202 0401 0304 0403 0202 0202 0303 0404 0101 0302 0102 0202 0101 0201 0101 0204 0402 0101 0104 0202 0101 0404 0202 0303 0101 0201 0101 0403 0202 0101 0404 0202 0101 0303 0303 0203 0204 0303 0404 0102 0101 0303 0302 0303 0402 0303 0101 0302 0201 0202 0301 0101 0101 0202 0202 0103 0104 0102 0404 0303 0201 0101 0304 0101 0102 0303 0402 0101 0101 0303 0301 0104 0404 0404 0404 0404 0303 0303 0204 0404 0102 0101 
5 , 0101 0404 0101 0101 0101 0202 0404 0202 0404 0303 0203 0401 0303 0102 0104 0101 0303 0404 0404 0303 0101 0101 0104 0303 0404 0101 0101 0404 0404 0202 0101 0404 0202 0404 0404 0103 0302 0303 0102 0204 0302 0303 0104 0404 0303 0102 0302 0303 0404 0203 0402 0302 0304 0202 0404 0202 0303 0101 0101 0303 0202 0202 0303 0302 0404 0101 0402 0303 0101 0404 0101 0101 0303 0404 0303 0102 0404 0104 0202 0101 0403 0403 0203 0402 0301 0404 0202 0303 0201 0202 0201 0101 0101 0404 0404 0401 0404 0203 0101 0404 0202 0303 0101 0101 0101 0303 0202 0101 0404 0101 0404 0303 0303 0203 0404 0303 0403 0101 0101 0303 0203 0303 0204 0303 0101 0303 0202 0402 0101 0103 0301 0402 0203 0101 0401 0101 0204 0304 0201 0101 0303 0101 0201 0303 0202 0101 0101 0403 0301 0404 0403 0404 0104 0404 0303 0203 0402 0404 0202 0101 
6 , 0101 0404 0101 0101 0101 0202 0404 0202 0404 0303 0303 0101 0203 0102 0404 0101 0303 0404 0404 0303 0101 0303 0404 0203 0404 0102 0101 0404 0101 0202 0104 0404 0303 0404 0101 0101 0302 0302 0102 0404 0303 0302 0101 0403 0303 0202 0202 0303 0204 0202 0402 0303 0303 0204 0404 0202 0103 0101 0101 0303 0202 0404 0301 0202 0303 0202 0404 0303 0101 0404 0201 0401 0301 0404 0303 0201 0404 0401 0202 0101 0404 0404 0202 0202 0303 0404 0201 0203 0101 0402 0101 0102 0103 0402 0404 0101 0101 0302 0101 0404 0302 0101 0101 0202 0104 0303 0201 0101 0404 0102 0401 0303 0303 0303 0404 0303 0303 0202 0101 0303 0303 0304 0402 0303 0101 0302 0102 0202 0101 0103 0101 0204 0202 0103 0101 0101 0404 0303 0201 0102 0303 0101 0201 0302 0204 0101 0101 0304 0303 0404 0404 0402 0404 0404 0303 0303 0402 0404 0202 0101 
7 , 0101 0404 0301 0101 0202 0202 0404 0202 0404 0303 0303 0101 0302 0202 0104 0101 0303 0404 0401 0303 0101 0301 0404 0303 0404 0101 0201 0404 0101 0202 0101 0404 0202 0404 0404 0101 0302 0303 0102 0404 0303 0203 0104 0404 0103 0101 0202 0303 0404 0302 0202 0303 0303 0202 0404 0202 0303 0301 0101 0304 0202 0204 0303 0203 0303 0102 0404 0303 0101 0404 0101 0101 0303 0404 0303 0101 0104 0404 0202 0404 0403 0304 0302 0404 0303 0401 0201 0302 0101 0202 0101 0202 0303 0204 0202 0101 0104 0203 0101 0401 0202 0301 0101 0202 0101 0304 0202 0101 0404 0202 0404 0303 0403 0203 0204 0303 0304 0202 0101 0103 0202 0303 0402 0303 0101 0303 0202 0204 0101 0301 0101 0202 0202 0101 0404 0102 0404 0404 0102 0101 0304 0101 0202 0202 0202 0101 0101 0403 0301 0404 0304 0204 0404 0401 0303 0303 0404 0404 0202 0101 
8 , 0102 0204 0101 0301 0101 0202 0404 0204 0403 0303 0303 0401 0303 0201 0401 0101 0303 0404 0101 0303 0201 0301 0101 0203 0404 0201 0101 0404 0101 0202 0101 0404 0202 0403 0404 0101 0203 0303 0202 0204 0302 0203 0401 0404 0303 0201 0202 0303 0404 0202 0202 0302 0303 0202 0404 0202 0303 0101 0101 0304 0202 0204 0303 0203 0304 0102 0404 0303 0101 0404 0101 0401 0303 0404 0303 0101 0401 0404 0202 0401 0403 0304 0202 0404 0303 0404 0101 0203 0101 0202 0101 0201 0101 0402 0202 0101 0104 0203 0101 0404 0202 0103 0301 0101 0104 0303 0202 0101 0404 0201 0104 0302 0303 0303 0404 0303 0304 0101 0101 0303 0302 0403 0202 0303 0101 0203 0102 0204 0101 0103 0101 0204 0302 0303 0104 0201 0204 0303 0202 0101 0303 0101 0101 0303 0402 0404 0101 0303 0301 0404 0404 0402 0404 0401 0303 0302 0404 0404 0202 0101 
9 , 0102 0404 0301 0101 0201 0202 0404 0202 0403 0303 0303 0401 0303 0201 0104 0101 0203 0404 0404 0303 0201 0101 0401 0303 0404 0101 0101 0403 0101 0202 0101 0404 0202 0403 0404 0101 0302 0303 0102 0404 0303 0203 0404 0404 0103 0201 0302 0303 0404 0202 0402 0303 0303 0202 0404 0202 0303 0101 0101 0304 0203 0404 0301 0303 0303 0102 0404 0103 0101 0404 0101 0401 0303 0404 0303 0101 0401 0404 0202 0401 0403 0404 0302 0404 0303 0404 0101 0203 0101 0404 0101 0101 0101 0402 0204 0101 0404 0202 0101 0404 0202 0103 0101 0201 0101 0303 0202 0101 0404 0102 0404 0302 0403 0303 0404 0303 0304 0201 0101 0103 0303 0303 0404 0303 0101 0302 0202 0204 0101 0103 0301 0202 0202 0103 0104 0101 0404 0403 0102 0201 0303 0101 0201 0202 0404 0401 0101 0303 0301 0404 0404 0404 0404 0401 0403 0302 0404 0404 0202 0101 
10 , 0101 0404 0101 0101 0101 0102 0404 0202 0404 0303 0303 0104 0202 0102 0404 0101 0303 0404 0404 0303 0201 0101 0404 0203 0404 0101 0101 0404 0104 0202 0104 0404 0202 0404 0104 0103 0202 0303 0102 0402 0303 0203 0101 0404 0303 0202 0202 0303 0402 0203 0402 0303 0304 0202 0404 0203 0303 0101 0101 0303 0202 0402 0303 0202 0304 0201 0404 0303 0101 0404 0101 0401 0103 0403 0303 0102 0404 0404 0202 0401 0403 0404 0303 0402 0303 0404 0102 0303 0201 0202 0101 0201 0101 0204 0404 0101 0404 0303 0101 0404 0302 0103 0101 0101 0101 0303 0102 0101 0404 0101 0404 0303 0303 0303 0404 0303 0404 0101 0101 0103 0303 0303 0404 0303 0101 0302 0101 0202 0101 0103 0101 0202 0203 0101 0104 0101 0402 0304 0201 0101 0303 0103 0101 0303 0202 0101 0101 0403 0301 0404 0403 0202 0404 0401 0303 0303 0402 0404 0202 0101 
11 , 0101 0402 0101 0101 0101 0202 0404 0402 0404 0303 0303 0104 0302 0102 0404 0101 0303 0404 0401 0203 0102 0301 0404 0203 0404 0201 0101 0404 0401 0202 0101 0404 0203 0404 0104 0101 0202 0203 0201 0404 0303 0203 0404 0404 0301 0201 0302 0303 0404 0202 0402 0303 0303 0202 0404 0202 0101 0101 0101 0404 0202 0402 0303 0202 0303 0102 0404 0303 0101 0404 0102 0404 0103 0304 0304 0101 0104 0404 0202 0101 0303 0304 0203 0204 0303 0101 0202 0303 0101 0202 0101 0102 0101 0204 0404 0101 0404 0203 0101 0404 0302 0103 0101 0201 0401 0304 0202 0101 0404 0102 0404 0303 0303 0303 0404 0302 0404 0102 0101 0303 0303 0303 0402 0303 0101 0202 0202 0202 0101 0301 0101 0204 0302 0301 0401 0102 0404 0404 0202 0101 0404 0301 0102 0202 0402 0401 0101 0303 0303 0404 0404 0402 0404 0401 0303 0303 0404 0404 0202 0101 
12 , 0101 0404 0101 0101 0202 0101 0402 0202 0404 0303 0303 0104 0203 0202 0401 0101 0203 0402 0104 0303 0201 0301 0404 0303 0404 0101 0101 0404 0101 0202 0101 0204 0202 0404 0404 0101 0303 0303 0201 0404 0303 0203 0104 0404 0303 0201 0202 0303 0204 0202 0202 0303 0303 0402 0204 0202 0303 0101 0101 0303 0202 0404 0303 0202 0303 0101 0404 0303 0101 0404 0101 0101 0303 0404 0303 0201 0104 0101 0202 0401 0304 0404 0202 0404 0301 0404 0102 0303 0101 0202 0101 0102 0103 0404 0402 0101 0104 0202 0101 0404 0202 0301 0103 0102 0101 0304 0102 0201 0404 0202 0404 0303 0303 0302 0404 0303 0403 0201 0101 0103 0303 0303 0404 0303 0101 0303 0202 0202 0301 0101 0101 0402 0303 0103 0101 0101 0204 0404 0201 0101 0303 0301 0102 0203 0204 0101 0101 0303 0303 0404 0404 0404 0404 0404 0303 0303 0204 0404 0202 0101 
13 , 0101 0404 0101 0101 0201 0202 0404 0204 0404 0303 0303 0101 0302 0102 0404 0101 0303 0404 0404 0203 0101 0301 0104 0303 0404 0101 0101 0403 0101 0202 0101 0404 0202 0404 0404 0101 0302 0302 0102 0404 0303 0203 0404 0404 0303 0201 0202 0303 0404 0203 0204 0303 0303 0202 0404 0302 0303 0101 0101 0303 0203 0402 0301 0202 0304 0101 0404 0303 0101 0404 0101 0401 0303 0403 0403 0102 0404 0401 0202 0404 0404 0303 0203 0204 0303 0404 0102 0302 0102 0202 0102 0101 0101 0404 0402 0101 0104 0202 0101 0404 0303 0301 0301 0101 0104 0303 0102 0101 0404 0102 0404 0303 0304 0303 0402 0203 0403 0201 0101 0303 0303 0303 0404 0303 0103 0303 0101 0202 0101 0101 0101 0202 0202 0301 0401 0101 0202 0403 0202 0101 0403 0101 0201 0303 0402 0101 0101 0303 0301 0401 0404 0202 0404 0404 0304 0303 0404 0404 0202 0101 
14 , 0101 0402 0101 0101 0102 0202 0404 0202 0404 0303 0303 0101 0303 0202 0404 0101 0303 0204 0404 0303 0102 0103 0404 0303 0404 0201 0101 0404 0101 0202 0101 0404 0202 0404 0104 0101 0303 0303 0202 0202 0303 0303 0104 0404 0303 0102 0203 0103 0402 0302 0402 0303 0403 0204 0404 0202 0301 0101 0101 0303 0202 0402 0303 0202 0303 0101 0404 0303 0101 0403 0101 0101 0303 0404 0303 0102 0104 0404 0202 0401 0403 0304 0302 0404 0303 0401 0101 0303 0101 0204 0101 0202 0103 0204 0202 0101 0404 0302 0101 0404 0302 0301 0101 0202 0101 0303 0202 0101 0404 0201 0401 0303 0303 0303 0404 0303 0403 0101 0103 0101 0203 0304 0204 0303 0101 0303 0202 0202 0101 0303 0101 0402 0302 0303 0101 0101 0404 0404 0102 0101 0303 0101 0102 0203 0204 0101 0101 0404 0303 0404 0304 0204 0404 0404 0303 0303 0404 0404 0202 0104 
15 , 0101 0402 0101 0301 0101 0201 0404 0204 0303 0303 0203 0101 0303 0202 0404 0104 0303 0404 0101 0203 0201 0103 0404 0203 0404 0101 0101 0403 0101 0402 0401 0404 0203 0404 0404 0101 0202 0303 0101 0404 0203 0302 0401 0304 0103 0202 0203 0303 0404 0203 0404 0203 0403 0204 0404 0202 0303 0101 0102 0303 0202 0402 0301 0203 0304 0101 0402 0303 0101 0404 0101 0404 0303 0404 0303 0201 0401 0404 0202 0104 0304 0303 0202 0202 0303 0404 0102 0303 0102 0202 0102 0201 0303 0404 0204 0101 0104 0202 0101 0404 0202 0303 0101 0102 0104 0303 0202 0101 0404 0202 0404 0303 0303 0302 0404 0303 0304 0201 0103 0303 0302 0403 0404 0303 0101 0303 0201 0202 0101 0103 0101 0202 0202 0103 0401 0102 0202 0403 0202 0101 0303 0101 0101 0302 0204 0101 0201 0403 0303 0104 0304 0204 0404 0404 0303 0303 0404 0404 0202 0101 
16 , 0101 0204 0101 0101 0201 0201 0404 0202 0404 0303 0203 0101 0202 0102 0404 0101 0302 0404 0404 0302 0101 0303 0404 0202 0404 0101 0101 0304 0101 0402 0104 0402 0202 0304 0404 0101 0202 0303 0202 0404 0303 0303 0404 0304 0303 0202 0202 0303 0204 0302 0204 0303 0303 0202 0404 0202 0303 0101 0101 0303 0203 0402 0303 0202 0304 0102 0404 0303 0101 0404 0101 0404 0303 0404 0303 0101 0404 0404 0202 0404 0404 0403 0202 0402 0303 0104 0202 0303 0101 0202 0101 0202 0303 0404 0402 0101 0101 0202 0101 0404 0303 0303 0101 0201 0101 0303 0202 0101 0403 0202 0401 0303 0303 0303 0404 0203 0403 0201 0301 0303 0303 0304 0402 0303 0101 0303 0101 0402 0101 0101 0101 0402 0202 0103 0104 0101 0202 0403 0202 0101 0404 0101 0201 0203 0202 0101 0101 0303 0303 0404 0404 0402 0404 0404 0303 0303 0404 0404 0202 0101 
17 , 0101 0404 0101 0101 0102 0102 0404 0404 0403 0303 0303 0101 0203 0101 0101 0101 0303 0404 0404 0203 0102 0103 0404 0303 0404 0101 0101 0403 0101 0204 0101 0204 0202 0404 0404 0101 0203 0303 0202 0404 0303 0203 0404 0404 0103 0202 0202 0303 0404 0302 0404 0303 0304 0402 0404 0202 0303 0103 0101 0303 0303 0404 0303 0202 0403 0101 0404 0303 0101 0304 0101 0101 0101 0404 0303 0101 0404 0404 0202 0104 0304 0403 0302 0402 0303 0404 0101 0303 0201 0202 0101 0201 0103 0404 0204 0101 0101 0303 0101 0404 0302 0303 0301 0102 0101 0303 0101 0101 0404 0101 0404 0303 0303 0303 0202 0203 0404 0201 0101 0301 0303 0303 0404 0403 0101 0203 0102 0202 0101 0101 0301 0202 0302 0301 0404 0101 0402 0403 0201 0101 0303 0101 0101 0303 0402 0104 0101 0303 0301 0404 0303 0202 0404 0404 0303 0203 0404 0404 0102 0101 
18 , 0102 0204 0101 0101 0102 0102 0404 0402 0404 0303 0303 0104 0202 0102 0404 0101 0303 0404 0104 0303 0101 0101 0404 0302 0404 0101 0101 0304 0101 0204 0101 0402 0202 0304 0404 0101 0203 0303 0102 0404 0303 0203 0404 0404 0303 0101 0202 0303 0404 0202 0204 0303 0303 0404 0404 0202 0303 0101 0102 0303 0302 0204 0303 0203 0403 0102 0404 0303 0101 0404 0101 0101 0103 0404 0303 0101 0404 0401 0202 0401 0404 0404 0302 0404 0303 0104 0201 0302 0101 0202 0101 0101 0101 0202 0402 0101 0101 0203 0101 0104 0203 0303 0101 0102 0104 0303 0202 0201 0404 0201 0404 0303 0303 0303 0404 0303 0304 0202 0101 0101 0302 0303 0204 0303 0101 0302 0102 0202 0101 0101 0101 0202 0303 0103 0401 0101 0202 0303 0102 0102 0303 0101 0201 0303 0202 0101 0101 0303 0301 0101 0404 0402 0104 0404 0303 0303 0404 0404 0202 0101 
19 , 0101 0402 0101 0101 0102 0202 0404 0204 0404 0303 0303 0401 0302 0201 0404 0101 0303 0404 0404 0303 0201 0301 0404 0302 0104 0201 0201 0404 0101 0202 0101 0404 0202 0404 0404 0101 0303 0302 0201 0404 0303 0303 0404 0404 0101 0202 0202 0303 0404 0203 0402 0303 0303 0202 0404 0202 0303 0101 0101 0403 0303 0402 0303 0202 0304 0102 0402 0303 0101 0404 0101 0101 0303 0404 0303 0201 0101 0104 0204 0104 0303 0404 0203 0202 0303 0404 0201 0303 0102 0202 0101 0202 0303 0402 0402 0101 0101 0203 0101 0404 0303 0301 0301 0102 0401 0303 0202 0101 0404 0202 0404 0303 0304 0303 0404 0202 0303 0201 0101 0103 0303 0303 0204 0303 0101 0303 0202 0202 0101 0101 0101 0202 0202 0103 0401 0101 0202 0404 0202 0101 0303 0303 0201 0202 0204 0401 0101 0303 0303 0404 0404 0402 0104 0404 0303 0303 0404 0404 0102 0401 
20 , 0101 0204 0101 0101 0102 0202 0404 0204 0404 0303 0303 0401 0303 0202 0104 0104 0303 0204 0404 0303 0201 0303 0401 0302 0404 0202 0101 0403 0101 0202 0101 0204 0202 0404 0404 0101 0202 0303 0202 0404 0303 0202 0404 0404 0103 0101 0202 0303 0404 0203 0204 0303 0303 0202 0404 0203 0303 0301 0101 0403 0202 0204 0103 0302 0303 0101 0404 0303 0101 0404 0101 0104 0303 0304 0303 0201 0404 0404 0202 0101 0304 0404 0302 0204 0303 0104 0201 0202 0101 0202 0101 0201 0103 0202 0404 0101 0101 0202 0101 0404 0303 0101 0301 0101 0401 0303 0102 0101 0404 0202 0404 0202 0303 0303 0404 0303 0403 0101 0101 0103 0203 0303 0404 0303 0101 0302 0202 0202 0301 0301 0301 0202 0202 0103 0404 0101 0402 0303 0202 0101 0304 0101 0102 0202 0202 0101 0201 0303 0303 0404 0404 0202 0404 0404 0303 0202 0404 0404 0202 0401 
21 , 0101 0204 0103 0101 0102 0201 0402 0202 0404 0303 0303 0101 0302 0202 0104 0101 0303 0204 0401 0302 0201 0303 0404 0302 0404 0101 0101 0404 0101 0202 0401 0204 0202 0404 0404 0101 0202 0303 0202 0404 0303 0203 0404 0404 0101 0102 0202 0303 0404 0202 0204 0303 0303 0202 0402 0202 0303 0301 0101 0303 0202 0204 0303 0203 0304 0201 0404 0303 0101 0304 0101 0101 0303 0404 0303 0101 0404 0404 0202 0104 0304 0404 0202 0202 0103 0404 0202 0303 0102 0202 0101 0102 0103 0402 0404 0101 0404 0202 0101 0104 0302 0101 0101 0101 0401 0303 0102 0101 0404 0201 0404 0303 0304 0203 0404 0303 0304 0102 0101 0101 0202 0304 0402 0303 0101 0302 0202 0202 0301 0301 0301 0202 0203 0301 0101 0101 0402 0403 0202 0101 0303 0101 0101 0203 0202 0101 0101 0403 0303 0404 0404 0202 0404 0404 0304 0203 0404 0404 0202 0401 
22 , 0101 0204 0101 0101 0102 0201 0404 0202 0404 0103 0302 0101 0302 0201 0404 0101 0303 0404 0104 0203 0201 0301 0404 0303 0404 0101 0101 0404 0101 0202 0101 0404 0202 0404 0404 0101 0202 0303 0201 0404 0203 0302 0404 0404 0101 0202 0202 0303 0402 0203 0404 0303 0403 0202 0404 0202 0303 0101 0101 0303 0202 0404 0303 0202 0304 0202 0404 0303 0101 0404 0101 0104 0303 0404 0303 0101 0404 0401 0202 0104 0304 0304 0202 0204 0303 0401 0101 0303 0102 0202 0101 0202 0301 0404 0404 0101 0401 0302 0101 0404 0303 0303 0101 0102 0101 0303 0202 0101 0404 0202 0104 0303 0303 0303 0404 0303 0303 0102 0101 0303 0302 0403 0404 0303 0101 0302 0202 0202 0101 0101 0101 0204 0203 0101 0404 0101 0202 0404 0201 0101 0303 0101 0102 0202 0202 0101 0201 0303 0303 0104 0404 0204 0401 0404 0403 0302 0404 0404 0202 0101 
23 , 0101 0204 0101 0101 0101 0201 0404 0402 0404 0303 0303 0101 0202 0102 0101 0104 0303 0404 0401 0303 0101 0301 0104 0202 0404 0101 0101 0403 0101 0202 0101 0404 0202 0304 0404 0101 0303 0303 0202 0404 0303 0303 0404 0304 0301 0202 0302 0303 0404 0202 0202 0303 0303 0402 0404 0202 0301 0101 0101 0303 0203 0204 0303 0302 0403 0201 0404 0303 0101 0404 0101 0101 0303 0404 0303 0101 0104 0101 0202 0404 0403 0404 0203 0404 0301 0104 0101 0302 0101 0202 0101 0101 0101 0404 0204 0401 0401 0202 0101 0404 0303 0103 0101 0202 0401 0303 0202 0101 0404 0101 0404 0303 0303 0202 0404 0303 0403 0201 0101 0303 0302 0303 0204 0303 0101 0303 0201 0202 0101 0303 0101 0204 0202 0101 0104 0101 0204 0404 0201 0101 0303 0101 0102 0203 0202 0101 0101 0303 0303 0401 0404 0202 0404 0404 0303 0303 0404 0404 0202 0101 
24 , 0201 0404 0101 0301 0101 0102 0404 0402 0404 0303 0202 0101 0303 0101 0104 0101 0303 0404 0401 0303 0102 0303 0404 0302 0404 0101 0101 0404 0101 0202 0401 0404 0202 0404 0404 0101 0203 0203 0202 0404 0302 0303 0401 0404 0103 0202 0202 0101 0404 0203 0204 0303 0304 0202 0402 0202 0303 0101 0101 0303 0303 0204 0303 0202 0303 0101 0404 0303 0101 0404 0101 0104 0103 0403 0303 0101 0101 0401 0202 0104 0404 0304 0303 0402 0301 0404 0101 0302 0101 0202 0101 0201 0101 0204 0404 0101 0401 0202 0101 0404 0203 0303 0101 0201 0101 0303 0102 0102 0404 0201 0404 0303 0303 0303 0404 0303 0303 0201 0101 0103 0303 0304 0404 0303 0101 0303 0101 0202 0101 0301 0101 0204 0203 0101 0104 0102 0404 0404 0202 0101 0303 0101 0101 0202 0402 0101 0101 0303 0103 0404 0404 0204 0404 0404 0303 0303 0402 0404 0202 0101 
25 , 0101 0402 0101 0101 0201 0201 0404 0404 0404 0303 0303 0101 0203 0201 0404 0101 0303 0404 0401 0203 0101 0103 0404 0303 0404 0101 0101 0403 0101 0202 0101 0402 0202 0404 0104 0101 0302 0303 0201 0404 0302 0303 0401 0404 0303 0101 0202 0303 0204 0203 0402 0303 0303 0204 0404 0302 0303 0101 0101 0303 0302 0404 0303 0202 0303 0101 0402 0303 0103 0404 0102 0404 0303 0404 0303 0101 0401 0104 0202 0404 0304 0304 0202 0402 0303 0104 0101 0303 0202 0202 0102 0102 0301 0404 0204 0401 0104 0202 0101 0104 0302 0103 0101 0201 0104 0303 0202 0101 0303 0202 0104 0203 0303 0202 0404 0303 0404 0201 0103 0101 0303 0403 0404 0303 0101 0302 0101 0202 0101 0303 0101 0402 0203 0301 0401 0102 0204 0403 0202 0101 0303 0101 0101 0302 0204 0404 0101 0304 0303 0401 0404 0204 0404 0404 0303 0203 0404 0404 0202 0101 
26 , 0101 0204 0101 0101 0101 0202 0404 0204 0304 0303 0303 0401 0202 0202 0404 0101 0303 0404 0404 0303 0201 0301 0404 0203 0404 0101 0101 0403 0101 0202 0101 0404 0202 0404 0404 0101 0202 0203 0202 0404 0303 0202 0401 0404 0301 0202 0302 0303 0404 0202 0402 0302 0304 0202 0404 0202 0101 0101 0101 0304 0203 0202 0303 0202 0303 0102 0404 0303 0101 0404 0101 0401 0303 0403 0303 0101 0404 0404 0202 0104 0404 0304 0202 0404 0303 0404 0101 0303 0102 0204 0101 0102 0103 0404 0204 0101 0401 0202 0101 0104 0202 0303 0101 0202 0104 0303 0201 0101 0404 0201 0404 0303 0303 0303 0402 0203 0303 0102 0103 0303 0303 0303 0204 0303 0301 0303 0201 0202 0101 0303 0101 0204 0303 0101 0404 0101 0202 0403 0202 0101 0303 0101 0101 0303 0402 0101 0101 0404 0303 0404 0404 0404 0404 0404 0303 0303 0404 0404 0202 0101 
27 , 0101 0404 0101 0101 0102 0202 0404 0202 0304 0303 0303 0101 0203 0101 0404 0101 0303 0402 0404 0203 0101 0301 0404 0303 0404 0101 0101 0404 0101 0202 0101 0404 0202 0404 0404 0101 0303 0303 0201 0404 0303 0303 0404 0404 0303 0101 0202 0303 0404 0202 0202 0303 0404 0402 0404 0302 0303 0101 0101 0403 0202 0204 0303 0202 0303 0101 0404 0103 0101 0404 0101 0101 0103 0404 0303 0101 0401 0404 0202 0101 0404 0404 0202 0204 0303 0404 0102 0203 0101 0202 0101 0202 0303 0204 0204 0101 0104 0202 0101 0404 0202 0301 0103 0201 0101 0303 0202 0101 0404 0202 0404 0203 0303 0202 0404 0303 0303 0101 0101 0303 0303 0304 0404 0303 0101 0203 0202 0202 0101 0301 0101 0202 0303 0301 0401 0101 0204 0404 0202 0101 0403 0101 0202 0203 0204 0101 0101 0303 0303 0404 0403 0202 0104 0404 0303 0303 0404 0404 0102 0101 
28 , 0101 0404 0301 0103 0101 0102 0404 0204 0404 0303 0203 0404 0303 0101 0401 0101 0303 0404 0104 0302 0201 0301 0404 0303 0404 0101 0101 0404 0101 0202 0401 0404 0202 0304 0404 0101 0202 0203 0202 0204 0302 0303 0404 0404 0103 0102 0202 0303 0404 0203 0202 0303 0303 0202 0204 0202 0103 0101 0102 0303 0302 0402 0103 0202 0304 0102 0404 0303 0101 0404 0101 0104 0301 0404 0303 0101 0101 0104 0202 0101 0404 0304 0203 0204 0303 0404 0201 0303 0102 0202 0102 0201 0103 0404 0404 0101 0401 0202 0101 0404 0303 0301 0101 0202 0101 0303 0202 0101 0404 0202 0404 0203 0303 0203 0404 0303 0403 0101 0101 0303 0303 0304 0204 0303 0101 0202 0202 0202 0101 0101 0101 0204 0202 0101 0104 0102 0204 0404 0202 0101 0303 0101 0201 0302 0404 0101 0101 0303 0103 0401 0403 0202 0401 0404 0403 0303 0404 0404 0202 0401 
29 , 0101 0404 0101 0101 0202 0202 0404 0204 0404 0303 0203 0101 0302 0201 0404 0101 0203 0404 0401 0202 0102 0101 0404 0203 0404 0102 0102 0404 0101 0202 0101 0204 0202 0304 0401 0101 0303 0303 0202 0404 0302 0203 0404 0404 0303 0202 0302 0303 0404 0203 0402 0303 0403 0202 0404 0202 0301 0101 0101 0303 0203 0402 0303 0303 0403 0201 0404 0303 0101 0404 0101 0404 0103 0404 0304 0101 0404 0404 0204 0101 0304 0403 0202 0402 0303 0404 0101 0303 0101 0202 0102 0202 0303 0402 0404 0101 0101 0302 0101 0404 0202 0303 0101 0202 0101 0303 0201 0101 0404 0202 0401 0303 0303 0203 0202 0303 0304 0102 0101 0301 0203 0403 0404 0303 0101 0202 0101 0202 0101 0101 0101 0404 0202 0103 0404 0101 0402 0404 0202 0102 0404 0101 0201 0303 0204 0401 0101 0304 0301 0404 0404 0204 0404 0401 0303 0303 0404 0403 0202 0101 
30 , 0101 0204 0101 0101 0101 0201 0404 0202 0404 0303 0303 0404 0302 0201 0404 0104 0303 0404 0401 0302 0202 0301 0404 0302 0404 0101 0101 0404 0101 0202 0401 0204 0202 0404 0401 0101 0203 0302 0102 0404 0303 0303 0404 0404 0101 0101 0202 0301 0402 0302 0204 0303 0303 0402 0404 0202 0301 0101 0102 0403 0202 0204 0301 0202 0403 0101 0404 0303 0101 0404 0101 0104 0303 0404 0303 0101 0401 0404 0202 0101 0404 0303 0202 0202 0303 0404 0101 0303 0102 0202 0101 0201 0301 0204 0402 0401 0401 0202 0101 0401 0303 0301 0101 0102 0101 0303 0102 0101 0404 0102 0404 0203 0304 0203 0404 0303 0403 0202 0101 0303 0203 0303 0402 0303 0101 0302 0201 0202 0301 0303 0301 0402 0302 0301 0404 0101 0402 0403 0202 0101 0304 0101 0102 0303 0202 0401 0201 0304 0303 0404 0404 0202 0404 0404 0303 0303 0404 0404 0202 0101 
31 , 0101 0404 0101 0101 0201 0202 0404 0202 0403 0103 0303 0401 0302 0202 0404 0101 0203 0404 0404 0203 0102 0103 0404 0203 0404 0101 0101 0403 0101 0402 0101 0402 0202 0404 0404 0101 0303 0303 0202 0404 0303 0203 0101 0404 0303 0101 0202 0303 0404 0303 0402 0303 0303 0202 0404 0202 0303 0101 0102 0303 0302 0404 0303 0303 0403 0102 0204 0303 0101 0404 0101 0104 0301 0404 0303 0102 0104 0404 0202 0104 0403 0404 0202 0404 0301 0104 0101 0302 0102 0204 0101 0202 0101 0404 0404 0101 0401 0302 0101 0404 0302 0103 0103 0201 0101 0303 0102 0101 0404 0201 0404 0302 0303 0302 0404 0303 0403 0202 0103 0303 0302 0303 0202 0303 0101 0202 0201 0204 0101 0101 0101 0204 0202 0103 0404 0101 0204 0304 0202 0101 0303 0101 0102 0202 0202 0101 0101 0303 0303 0104 0404 0202 0404 0404 0303 0303 0404 0404 0202 0101 
32 , 0102 0404 0301 0101 0101 0201 0404 0404 0404 0303 0303 0101 0303 0101 0401 0401 0303 0404 0401 0303 0101 0301 0404 0203 0404 0101 0101 0403 0101 0202 0401 0404 0202 0403 0404 0101 0202 0303 0202 0404 0302 0203 0401 0403 0103 0201 0202 0303 0404 0202 0402 0302 0403 0202 0404 0202 0103 0301 0101 0304 0302 0404 0301 0303 0403 0202 0404 0303 0101 0404 0101 0101 0303 0404 0303 0102 0401 0104 0202 0101 0404 0404 0202 0204 0303 0404 0101 0303 0201 0202 0101 0102 0301 0402 0402 0101 0101 0202 0101 0404 0302 0301 0101 0201 0104 0303 0202 0101 0404 0202 0404 0303 0303 0303 0204 0303 0303 0201 0301 0303 0302 0403 0402 0303 0101 0303 0202 0404 0101 0303 0301 0404 0303 0301 0404 0101 0404 0303 0102 0101 0303 0101 0201 0303 0404 0104 0101 0303 0303 0404 0304 0404 0404 0401 0303 0303 0404 0404 0202 0101 
33 , 0102 0404 0101 0101 0201 0202 0404 0202 0404 0303 0303 0101 0203 0201 0404 0401 0303 0404 0404 0303 0101 0303 0404 0203 0404 0101 0101 0404 0101 0402 0101 0402 0202 0404 0404 0101 0302 0303 0102 0404 0303 0302 0404 0404 0303 0101 0202 0303 0404 0302 0402 0303 0304 0202 0404 0202 0303 0301 0101 0303 0202 0202 0303 0202 0303 0101 0404 0303 0101 0404 0102 0104 0303 0404 0303 0101 0101 0404 0202 0404 0403 0403 0202 0404 0103 0404 0102 0302 0201 0202 0101 0202 0101 0202 0402 0101 0101 0202 0101 0404 0203 0101 0101 0101 0101 0303 0202 0101 0404 0201 0404 0303 0304 0303 0404 0303 0304 0202 0101 0301 0303 0403 0404 0303 0101 0303 0202 0202 0101 0103 0101 0202 0203 0303 0104 0201 0202 0404 0102 0101 0304 0101 0101 0302 0202 0101 0101 0303 0303 0404 0404 0202 0404 0404 0303 0303 0404 0404 0202 0104 
34 , 0102 0404 0101 0101 0202 0202 0404 0202 0404 0303 0303 0101 0302 0101 0404 0101 0303 0404 0101 0203 0201 0301 0404 0302 0404 0101 0201 0304 0101 0204 0101 0204 0202 0404 0404 0101 0203 0203 0101 0204 0302 0303 0404 0404 0301 0102 0202 0303 0404 0203 0204 0303 0303 0402 0404 0202 0303 0101 0101 0303 0203 0202 0103 0202 0304 0202 0402 0301 0101 0304 0101 0401 0103 0404 0303 0101 0401 0404 0202 0404 0404 0404 0302 0204 0303 0404 0201 0303 0102 0202 0101 0202 0303 0402 0404 0101 0404 0203 0101 0404 0303 0301 0101 0101 0401 0303 0102 0101 0404 0101 0404 0203 0403 0303 0404 0203 0303 0201 0101 0103 0203 0303 0402 0303 0101 0303 0202 0202 0301 0101 0301 0202 0202 0103 0104 0101 0402 0404 0202 0101 0403 0101 0101 0302 0404 0101 0101 0403 0101 0404 0404 0202 0404 0404 0303 0203 0202 0404 0202 0101 
35 , 0101 0404 0101 0103 0101 0202 0404 0202 0304 0303 0303 0101 0303 0201 0404 0101 0302 0404 0401 0303 0102 0101 0104 0303 0404 0101 0101 0304 0101 0202 0101 0404 0202 0403 0404 0101 0302 0303 0201 0404 0203 0203 0401 0304 0101 0202 0202 0303 0404 0203 0404 0303 0303 0402 0404 0202 0301 0101 0102 0303 0302 0202 0303 0203 0403 0201 0404 0303 0101 0404 0102 0404 0101 0404 0303 0201 0401 0104 0204 0104 0403 0404 0202 0404 0301 0104 0101 0203 0101 0202 0101 0202 0101 0404 0402 0101 0101 0202 0101 0404 0303 0101 0103 0202 0101 0303 0201 0101 0404 0101 0404 0303 0304 0303 0204 0303 0404 0201 0101 0303 0303 0303 0202 0303 0101 0302 0202 0202 0303 0101 0101 0202 0302 0103 0101 0101 0404 0304 0102 0101 0404 0101 0202 0303 0202 0101 0101 0403 0303 0404 0404 0402 0104 0404 0303 0303 0404 0404 0102 0101 
36 , 0101 0404 0101 0101 0102 0102 0404 0202 0404 0303 0303 0101 0202 0102 0104 0104 0303 0404 0404 0302 0101 0301 0404 0302 0404 0102 0101 0404 0101 0202 0101 0404 0202 0404 0404 0101 0302 0303 0102 0404 0303 0303 0404 0404 0103 0101 0202 0303 0404 0302 0202 0303 0303 0204 0404 0202 0301 0101 0101 0303 0202 0202 0303 0202 0303 0101 0404 0303 0101 0404 0201 0104 0103 0404 0303 0101 0104 0404 0202 0401 0404 0303 0302 0404 0303 0404 0101 0302 0202 0202 0101 0201 0103 0202 0404 0101 0101 0202 0101 0104 0203 0103 0101 0101 0104 0303 0202 0101 0403 0102 0404 0303 0403 0303 0204 0203 0303 0201 0103 0103 0203 0303 0402 0303 0101 0203 0202 0402 0101 0301 0101 0202 0203 0303 0404 0101 0402 0403 0202 0101 0303 0101 0202 0202 0202 0101 0101 0303 0303 0404 0304 0402 0404 0404 0303 0302 0204 0404 0202 0101 
37 , 0101 0204 0101 0101 0102 0202 0404 0202 0403 0303 0303 0101 0303 0202 0404 0101 0303 0404 0404 0203 0201 0103 0404 0302 0404 0201 0101 0304 0101 0204 0101 0204 0202 0404 0404 0103 0302 0303 0102 0404 0303 0302 0404 0404 0103 0202 0202 0301 0204 0302 0202 0303 0303 0204 0404 0202 0301 0101 0101 0403 0202 0202 0303 0203 0303 0101 0404 0303 0101 0404 0101 0104 0103 0404 0303 0101 0404 0101 0202 0401 0304 0303 0202 0204 0303 0104 0101 0303 0101 0202 0101 0102 0303 0404 0202 0101 0401 0202 0101 0404 0203 0303 0101 0101 0101 0303 0202 0101 0404 0201 0404 0303 0303 0303 0404 0303 0304 0102 0101 0303 0303 0303 0402 0303 0101 0202 0102 0402 0101 0101 0103 0202 0202 0301 0401 0101 0204 0404 0102 0101 0303 0301 0101 0202 0202 0104 0101 0304 0303 0404 0404 0204 0404 0104 0303 0303 0402 0404 0202 0401 
38 , 0101 0404 0101 0101 0101 0202 0404 0202 0404 0303 0303 0104 0202 0201 0404 0101 0303 0404 0404 0303 0102 0301 0404 0203 0404 0201 0101 0304 0101 0202 0104 0404 0202 0404 0404 0101 0202 0303 0202 0404 0303 0303 0404 0404 0301 0102 0203 0103 0204 0203 0204 0302 0403 0404 0404 0203 0303 0101 0101 0404 0303 0404 0303 0202 0303 0101 0402 0103 0101 0404 0102 0101 0103 0404 0303 0101 0404 0404 0202 0404 0403 0404 0202 0202 0303 0404 0201 0203 0101 0402 0101 0101 0101 0202 0402 0101 0101 0302 0101 0401 0302 0303 0101 0102 0101 0303 0202 0101 0404 0102 0404 0303 0303 0303 0202 0303 0403 0101 0103 0303 0303 0403 0204 0303 0101 0302 0101 0202 0101 0101 0103 0402 0202 0101 0401 0201 0204 0404 0202 0101 0304 0101 0101 0302 0404 0101 0101 0404 0103 0401 0304 0402 0401 0104 0403 0303 0404 0404 0202 0101 
39 , 0102 0404 0101 0101 0102 0201 0404 0204 0404 0303 0303 0101 0303 0102 0404 0101 0303 0404 0401 0303 0101 0303 0404 0303 0404 0101 0101 0404 0101 0202 0401 0404 0302 0404 0404 0101 0203 0303 0202 0404 0303 0203 0401 0404 0303 0102 0202 0303 0204 0303 0202 0303 0303 0204 0404 0202 0303 0101 0101 0403 0202 0404 0303 0203 0304 0101 0404 0303 0101 0404 0101 0401 0101 0304 0303 0101 0404 0104 0204 0104 0404 0303 0202 0404 0303 0404 0201 0302 0101 0404 0201 0101 0103 0404 0402 0101 0401 0202 0101 0401 0303 0101 0101 0101 0104 0303 0202 0101 0404 0102 0104 0303 0403 0303 0404 0303 0403 0202 0301 0101 0303 0303 0404 0303 0101 0203 0202 0202 0101 0301 0101 0202 0203 0303 0404 0102 0204 0403 0202 0101 0403 0101 0101 0303 0402 0101 0101 0403 0103 0404 0404 0204 0404 0404 0303 0303 0402 0404 0202 0101 
40 , 0101 0402 0101 0101 0102 0102 0404 0202 0404 0303 0303 0401 0203 0102 0104 0101 0303 0404 0404 0203 0102 0301 0404 0202 0404 0102 0101 0403 0101 0202 0101 0404 0202 0304 0404 0101 0202 0303 0102 0404 0203 0202 0404 0404 0301 0102 0202 0301 0204 0202 0204 0303 0303 0202 0404 0202 0303 0101 0201 0403 0302 0202 0303 0302 0303 0202 0404 0303 0101 0404 0101 0104 0303 0404 0303 0101 0404 0404 0202 0404 0304 0404 0202 0402 0303 0401 0101 0302 0101 0204 0201 0202 0101 0204 0202 0101 0101 0203 0101 0404 0203 0303 0101 0201 0101 0303 0202 0101 0404 0202 0404 0303 0403 0303 0204 0303 0303 0201 0101 0103 0303 0303 0204 0303 0101 0203 0101 0202 0101 0103 0101 0202 0302 0103 0404 0101 0402 0404 0202 0101 0303 0101 0101 0302 0204 0101 0101 0303 0303 0404 0403 0204 0404 0404 0303 0303 0404 0404 0202 0101 
41 , 0101 0204 0101 0101 0202 0202 0404 0202 0403 0303 0303 0101 0203 0102 0104 0101 0303 0404 0404 0203 0102 0303 0104 0303 0404 0201 0101 0404 0101 0202 0101 0404 0202 0304 0404 0101 0303 0303 0202 0204 0302 0202 0104 0404 0103 0201 0202 0301 0404 0303 0402 0302 0303 0202 0404 0202 0303 0103 0101 0303 0302 0404 0303 0202 0403 0102 0404 0301 0101 0404 0102 0401 0303 0404 0303 0102 0101 0101 0202 0104 0304 0304 0202 0404 0303 0404 0101 0303 0101 0202 0101 0102 0101 0402 0204 0101 0404 0202 0101 0404 0202 0103 0101 0101 0101 0303 0202 0101 0404 0201 0401 0303 0303 0303 0404 0303 0303 0102 0301 0303 0302 0303 0204 0303 0301 0203 0202 0202 0101 0103 0101 0202 0303 0101 0404 0101 0404 0404 0202 0202 0304 0101 0202 0203 0404 0101 0101 0303 0103 0404 0303 0202 0404 0404 0303 0303 0404 0404 0202 0101 
42 , 0101 0404 0101 0101 0101 0201 0404 0202 0403 0303 0302 0104 0302 0201 0404 0101 0203 0404 0404 0302 0101 0303 0404 0303 0404 0101 0101 0404 0104 0204 0101 0404 0202 0304 0104 0103 0203 0303 0101 0404 0303 0303 0404 0404 0303 0102 0202 0303 0404 0302 0404 0303 0303 0202 0402 0202 0301 0101 0101 0303 0302 0402 0303 0203 0303 0101 0404 0303 0101 0404 0101 0401 0303 0404 0303 0101 0401 0404 0202 0401 0404 0404 0203 0204 0303 0404 0101 0302 0101 0202 0101 0102 0303 0404 0402 0101 0101 0202 0301 0404 0303 0103 0101 0202 0104 0303 0201 0102 0404 0102 0401 0302 0403 0302 0204 0303 0404 0201 0101 0303 0303 0403 0404 0303 0101 0303 0201 0202 0101 0303 0101 0404 0202 0101 0404 0101 0204 0304 0101 0101 0403 0301 0201 0202 0404 0101 0101 0303 0103 0404 0404 0202 0404 0404 0303 0303 0404 0404 0202 0101 
43 , 0101 0404 0101 0101 0102 0102 0404 0204 0404 0303 0202 0101 0203 0101 0404 0101 0303 0404 0404 0202 0101 0101 0404 0203 0404 0102 0102 0304 0101 0204 0101 0204 0202 0304 0404 0101 0203 0302 0102 0404 0302 0302 0404 0404 0301 0202 0202 0303 0404 0203 0402 0303 0303 0202 0404 0202 0301 0101 0101 0303 0202 0202 0103 0203 0303 0101 0404 0303 0101 0404 0101 0101 0101 0404 0303 0101 0404 0404 0202 0401 0404 0403 0202 0402 0303 0104 0201 0303 0101 0202 0101 0102 0103 0404 0204 0101 0104 0202 0301 0404 0302 0303 0101 0202 0101 0303 0201 0102 0404 0202 0401 0302 0303 0303 0402 0302 0403 0201 0101 0301 0303 0303 0204 0303 0101 0203 0201 0402 0301 0101 0101 0404 0202 0303 0401 0101 0204 0404 0102 0101 0304 0101 0201 0303 0204 0101 0101 0303 0301 0104 0404 0202 0404 0401 0303 0303 0402 0403 0202 0101 
44 , 0101 0404 0101 0101 0101 0202 0404 0202 0404 0303 0303 0101 0302 0202 0104 0401 0303 0404 0404 0303 0202 0103 0104 0302 0401 0101 0101 0403 0101 0404 0101 0404 0302 0304 0401 0101 0302 0303 0202 0404 0303 0303 0404 0404 0303 0201 0202 0303 0404 0202 0404 0303 0303 0402 0404 0202 0301 0301 0101 0303 0303 0202 0303 0302 0403 0201 0402 0303 0101 0404 0101 0101 0303 0404 0303 0102 0404 0404 0402 0104 0403 0403 0303 0402 0301 0404 0101 0303 0102 0404 0201 0202 0103 0404 0404 0401 0401 0302 0101 0404 0203 0103 0101 0202 0104 0303 0202 0101 0404 0201 0404 0303 0404 0303 0204 0303 0403 0101 0301 0303 0202 0303 0204 0303 0101 0303 0101 0402 0101 0301 0101 0202 0202 0301 0104 0101 0202 0404 0102 0101 0303 0101 0102 0203 0204 0101 0101 0403 0303 0404 0304 0404 0404 0404 0304 0303 0404 0404 0202 0101 
45 , 0101 0404 0101 0301 0102 0102 0404 0402 0404 0303 0203 0101 0202 0101 0404 0101 0303 0404 0401 0203 0101 0301 0404 0302 0404 0102 0101 0404 0101 0204 0101 0204 0202 0404 0404 0101 0302 0303 0201 0404 0303 0203 0404 0404 0303 0201 0203 0303 0404 0203 0402 0303 0303 0402 0404 0202 0303 0101 0102 0304 0303 0402 0303 0302 0303 0101 0404 0303 0101 0304 0101 0101 0103 0404 0303 0101 0401 0401 0202 0404 0304 0404 0302 0402 0303 0404 0101 0303 0202 0202 0101 0201 0101 0404 0204 0101 0401 0202 0101 0404 0302 0103 0101 0102 0101 0303 0202 0101 0404 0102 0404 0303 0303 0303 0204 0303 0403 0202 0101 0303 0303 0303 0402 0303 0101 0302 0202 0202 0101 0103 0101 0202 0302 0101 0404 0101 0404 0404 0202 0101 0303 0101 0102 0303 0404 0101 0201 0403 0101 0404 0404 0202 0404 0404 0303 0303 0404 0404 0102 0101 
46 , 0101 0404 0101 0101 0201 0202 0204 0202 0404 0303 0303 0101 0202 0202 0404 0101 0303 0404 0401 0302 0101 0303 0401 0203 0404 0101 0101 0404 0101 0202 0101 0204 0202 0404 0404 0101 0302 0303 0202 0404 0303 0303 0404 0404 0303 0102 0202 0303 0404 0202 0404 0303 0303 0404 0404 0302 0303 0101 0101 0403 0203 0404 0303 0202 0303 0102 0404 0103 0101 0404 0101 0101 0303 0404 0303 0101 0101 0401 0202 0101 0404 0404 0202 0204 0303 0404 0101 0303 0102 0204 0101 0202 0301 0402 0404 0101 0104 0202 0101 0104 0303 0301 0101 0201 0101 0303 0202 0101 0403 0201 0104 0303 0403 0303 0404 0303 0304 0102 0101 0303 0303 0303 0402 0303 0101 0202 0102 0202 0101 0101 0301 0204 0302 0103 0404 0101 0404 0404 0202 0101 0303 0301 0201 0303 0204 0101 0101 0303 0103 0404 0403 0204 0104 0404 0303 0303 0404 0404 0101 0101 
47 , 0102 0404 0101 0101 0201 0202 0404 0402 0404 0303 0303 0104 0302 0202 0401 0101 0303 0404 0404 0303 0101 0303 0401 0203 0404 0101 0101 0404 0101 0202 0101 0404 0202 0404 0404 0101 0302 0302 0202 0404 0303 0203 0104 0404 0303 0201 0202 0303 0404 0302 0402 0303 0303 0202 0404 0202 0303 0101 0101 0303 0303 0404 0101 0302 0403 0202 0404 0303 0101 0404 0101 0101 0303 0404 0303 0101 0101 0404 0202 0104 0404 0404 0202 0404 0303 0104 0101 0302 0201 0204 0101 0202 0103 0204 0202 0101 0404 0302 0101 0401 0303 0103 0101 0202 0101 0303 0202 0101 0404 0202 0401 0303 0303 0303 0404 0303 0303 0202 0101 0301 0303 0303 0202 0303 0101 0302 0201 0202 0101 0101 0101 0202 0202 0103 0401 0101 0402 0404 0202 0101 0303 0101 0101 0303 0202 0101 0101 0303 0303 0404 0404 0204 0404 0404 0303 0303 0404 0404 0202 0104 
48 , 0101 0404 0101 0101 0102 0202 0404 0204 0303 0303 0303 0101 0203 0202 0401 0101 0303 0404 0104 0303 0102 0101 0404 0302 0404 0102 0101 0403 0101 0202 0101 0404 0202 0404 0404 0101 0302 0303 0202 0404 0203 0202 0404 0404 0101 0202 0302 0301 0404 0202 0204 0303 0303 0402 0404 0203 0303 0101 0101 0303 0302 0402 0301 0202 0403 0201 0404 0303 0101 0404 0101 0404 0103 0404 0303 0201 0104 0104 0202 0404 0403 0404 0202 0404 0303 0101 0101 0303 0201 0204 0101 0201 0103 0404 0202 0101 0401 0203 0301 0404 0303 0101 0101 0201 0101 0303 0102 0101 0404 0102 0404 0303 0303 0303 0404 0303 0403 0201 0101 0303 0203 0303 0204 0303 0101 0303 0201 0204 0301 0303 0101 0202 0202 0303 0104 0101 0402 0304 0201 0201 0303 0101 0201 0302 0204 0101 0101 0403 0303 0404 0403 0404 0404 0401 0303 0303 0404 0404 0202 0104 
49 , 0101 0404 0101 0101 0101 0202 0404 0202 0304 0303 0302 0101 0303 0201 0404 0101 0303 0404 0101 0303 0102 0103 0404 0203 0404 0102 0101 0303 0104 0202 0101 0404 0202 0404 0404 0101 0303 0303 0202 0404 0203 0202 0404 0303 0103 0202 0303 0303 0404 0203 0402 0303 0303 0204 0404 0302 0301 0101 0101 0303 0303 0204 0303 0202 0303 0201 0404 0303 0101 0404 0101 0401 0303 0404 0303 0201 0104 0401 0204 0401 0303 0404 0202 0404 0303 0101 0101 0202 0102 0202 0101 0101 0103 0404 0202 0101 0101 0202 0301 0404 0302 0101 0101 0201 0104 0303 0101 0101 0403 0101 0404 0303 0304 0303 0402 0303 0403 0102 0101 0303 0202 0304 0204 0303 0101 0303 0202 0202 0101 0103 0101 0204 0303 0103 0104 0101 0404 0304 0102 0101 0304 0101 0202 0303 0202 0401 0101 0404 0303 0404 0404 0402 0104 0404 0303 0303 0404 0404 0102 0101 
50 , 0101 0402 0101 0101 0201 0201 0204 0204 0404 0303 0203 0101 0303 0202 0101 0101 0303 0404 0401 0303 0102 0301 0104 0203 0404 0101 0101 0404 0101 0202 0101 0404 0202 0404 0404 0101 0303 0303 0102 0402 0303 0303 0404 0404 0301 0202 0202 0303 0404 0202 0204 0303 0303 0204 0404 0302 0303 0301 0101 0303 0202 0404 0303 0202 0304 0201 0404 0303 0101 0404 0101 0401 0303 0303 0403 0101 0401 0401 0204 0101 0404 0304 0203 0204 0301 0404 0101 0303 0101 0202 0101 0201 0301 0404 0204 0101 0101 0202 0101 0404 0303 0301 0301 0101 0101 0303 0201 0101 0404 0101 0404 0303 0404 0303 0404 0303 0303 0201 0101 0303 0302 0304 0404 0303 0101 0302 0202 0202 0103 0103 0101 0202 0203 0301 0404 0101 0404 0403 0102 0101 0404 0103 0201 0303 0404 0101 0102 0303 0101 0404 0404 0402 0404 0104 0303 0303 0404 0404 0202 0101 
51 , 0102 0404 0101 0101 0101 0202 0404 0402 0404 0303 0303 0404 0202 0101 0404 0101 0303 0404 0404 0303 0102 0101 0404 0203 0404 0201 0101 0404 0101 0402 0104 0404 0202 0404 0404 0101 0203 0203 0202 0404 0202 0302 0104 0403 0301 0202 0202 0303 0404 0202 0404 0303 0303 0202 0404 0203 0303 0101 0101 0303 0203 0402 0301 0203 0303 0102 0404 0303 0101 0404 0102 0101 0301 0404 0403 0101 0404 0404 0202 0404 0403 0404 0202 0204 0103 0404 0201 0302 0101 0202 0101 0201 0301 0404 0402 0101 0101 0202 0101 0404 0202 0303 0101 0202 0104 0303 0201 0101 0404 0101 0404 0303 0303 0202 0404 0303 0404 0102 0101 0301 0303 0303 0404 0303 0101 0203 0102 0202 0303 0101 0103 0202 0202 0101 0104 0101 0402 0304 0202 0101 0403 0103 0102 0303 0404 0101 0101 0303 0303 0101 0403 0202 0404 0404 0303 0302 0204 0404 0202 0101 
52 , 0101 0204 0103 0101 0201 0201 0404 0204 0404 0303 0303 0401 0302 0201 0101 0101 0303 0404 0404 0303 0101 0303 0404 0203 0404 0101 0101 0403 0101 0202 0101 0404 0202 0404 0404 0101 0303 0303 0102 0404 0303 0203 0404 0404 0303 0102 0202 0303 0404 0202 0204 0303 0304 0202 0404 0202 0301 0101 0101 0303 0203 0404 0303 0202 0304 0201 0404 0303 0101 0404 0101 0401 0301 0304 0303 0102 0404 0404 0202 0104 0404 0403 0202 0404 0303 0404 0101 0303 0101 0202 0101 0202 0301 0404 0404 0101 0101 0203 0101 0404 0302 0303 0301 0102 0101 0303 0201 0101 0404 0101 0404 0303 0403 0303 0404 0203 0404 0201 0101 0301 0303 0303 0402 0303 0101 0303 0102 0202 0101 0101 0103 0202 0203 0101 0104 0101 0402 0403 0201 0102 0303 0101 0201 0302 0404 0101 0101 0303 0101 0404 0403 0202 0404 0404 0303 0303 0404 0404 0202 0101 
53 , 0101 0404 0101 0101 0102 0202 0404 0202 0404 0303 0202 0401 0302 0201 0404 0101 0303 0404 0404 0303 0101 0301 0404 0302 0404 0101 0101 0404 0101 0402 0101 0404 0203 0403 0401 0101 0202 0302 0202 0404 0303 0203 0101 0403 0303 0202 0203 0103 0404 0202 0204 0202 0404 0202 0404 0302 0303 0101 0101 0303 0303 0402 0303 0302 0303 0101 0402 0303 0101 0403 0102 0104 0101 0404 0303 0101 0404 0101 0202 0404 0304 0403 0202 0204 0303 0404 0102 0303 0201 0202 0101 0101 0303 0402 0402 0101 0401 0202 0101 0104 0203 0101 0101 0101 0401 0303 0202 0101 0404 0202 0404 0303 0303 0303 0404 0303 0304 0201 0103 0301 0303 0303 0402 0304 0101 0302 0101 0202 0101 0301 0101 0202 0203 0303 0104 0101 0202 0303 0202 0101 0304 0101 0102 0203 0204 0101 0201 0304 0303 0404 0404 0202 0104 0404 0303 0303 0404 0404 0202 0101 
54 , 0101 0404 0101 0101 0201 0202 0404 0402 0404 0103 0303 0104 0302 0101 0401 0101 0303 0402 0404 0203 0101 0303 0404 0303 0404 0101 0101 0404 0101 0202 0101 0404 0202 0404 0404 0101 0203 0303 0202 0404 0303 0303 0404 0404 0103 0202 0202 0103 0404 0202 0404 0302 0303 0204 0404 0303 0303 0101 0101 0303 0203 0404 0303 0202 0403 0201 0402 0303 0101 0404 0102 0101 0103 0404 0303 0101 0404 0104 0402 0104 0303 0404 0202 0202 0303 0404 0201 0203 0101 0202 0101 0202 0101 0402 0202 0101 0404 0202 0101 0404 0302 0103 0101 0102 0401 0303 0202 0101 0403 0202 0404 0303 0403 0303 0402 0203 0403 0101 0101 0303 0303 0303 0404 0303 0101 0303 0201 0202 0101 0103 0101 0202 0303 0303 0101 0101 0204 0304 0202 0101 0304 0101 0201 0202 0204 0401 0101 0304 0303 0104 0404 0204 0404 0404 0303 0303 0402 0404 0202 0104 
55 , 0101 0202 0101 0101 0102 0201 0404 0204 0404 0303 0303 0101 0203 0101 0401 0101 0303 0404 0404 0303 0201 0103 0404 0203 0404 0101 0101 0404 0101 0202 0101 0204 0202 0404 0104 0101 0302 0203 0102 0404 0303 0203 0404 0404 0301 0202 0202 0303 0404 0202 0404 0303 0303 0202 0404 0202 0303 0101 0101 0303 0202 0204 0303 0202 0304 0201 0404 0303 0101 0404 0101 0401 0103 0404 0303 0201 0404 0404 0202 0404 0404 0304 0202 0204 0303 0404 0201 0302 0202 0402 0101 0101 0103 0402 0402 0104 0401 0202 0101 0404 0203 0101 0101 0102 0101 0403 0202 0101 0404 0101 0404 0303 0303 0302 0404 0303 0303 0202 0101 0103 0202 0303 0402 0303 0101 0302 0102 0202 0101 0101 0101 0204 0203 0101 0104 0101 0404 0304 0202 0101 0404 0101 0102 0303 0202 0101 0101 0304 0303 0404 0404 0204 0104 0404 0403 0303 0404 0404 0202 0101 
56 , 0101 0404 0103 0101 0101 0202 0404 0204 0404 0303 0303 0104 0303 0202 0401 0101 0203 0404 0404 0303 0101 0301 0404 0303 0404 0101 0101 0304 0101 0202 0401 0404 0202 0404 0104 0103 0203 0303 0102 0404 0303 0302 0404 0404 0303 0101 0202 0301 0404 0302 0204 0303 0303 0202 0204 0202 0303 0101 0101 0303 0203 0402 0303 0203 0303 0101 0404 0303 0101 0404 0101 0101 0303 0404 0303 0101 0104 0101 0202 0401 0404 0404 0202 0204 0303 0401 0101 0302 0101 0202 0101 0102 0303 0404 0402 0104 0401 0202 0101 0404 0303 0103 0101 0201 0101 0303 0201 0101 0404 0102 0401 0303 0303 0302 0204 0303 0304 0202 0101 0303 0203 0303 0404 0303 0101 0303 0201 0202 0101 0301 0101 0402 0202 0101 0401 0101 0202 0304 0201 0101 0404 0301 0201 0203 0402 0101 0101 0303 0103 0404 0404 0202 0404 0404 0303 0303 0204 0404 0202 0101 
57 , 0102 0404 0101 0101 0101 0202 0404 0204 0404 0303 0303 0101 0303 0202 0404 0104 0303 0404 0404 0202 0101 0301 0101 0303 0404 0102 0102 0304 0401 0202 0101 0204 0202 0404 0404 0101 0203 0203 0202 0204 0303 0202 0104 0404 0303 0201 0203 0303 0404 0303 0402 0303 0303 0202 0404 0202 0303 0101 0101 0303 0302 0402 0301 0202 0303 0102 0402 0303 0101 0404 0101 0101 0101 0404 0303 0102 0404 0401 0404 0101 0404 0404 0202 0404 0303 0404 0101 0303 0102 0402 0101 0102 0103 0202 0404 0101 0104 0302 0101 0404 0303 0301 0101 0201 0104 0303 0102 0101 0404 0202 0404 0303 0303 0303 0402 0303 0403 0202 0101 0303 0303 0404 0204 0303 0101 0302 0102 0202 0101 0301 0101 0204 0203 0103 0404 0201 0404 0404 0202 0101 0303 0101 0101 0303 0204 0101 0101 0304 0301 0404 0304 0202 0404 0404 0303 0302 0404 0404 0102 0101 
58 , 0101 0404 0101 0103 0101 0202 0402 0202 0404 0303 0302 0101 0202 0101 0401 0101 0303 0404 0404 0302 0102 0303 0401 0203 0404 0201 0101 0404 0101 0204 0101 0402 0203 0403 0404 0101 0202 0303 0102 0404 0303 0303 0404 0404 0103 0201 0202 0303 0404 0202 0202 0203 0303 0204 0404 0302 0303 0101 0101 0304 0303 0204 0303 0303 0304 0102 0404 0303 0103 0404 0101 0101 0101 0404 0303 0101 0104 0401 0202 0404 0403 0304 0202 0204 0303 0404 0101 0303 0101 0202 0101 0202 0303 0404 0404 0401 0404 0202 0101 0104 0203 0303 0101 0202 0401 0303 0202 0101 0404 0202 0404 0303 0303 0203 0404 0303 0403 0102 0101 0301 0302 0303 0404 0303 0101 0302 0202 0202 0101 0101 0101 0202 0203 0103 0401 0101 0404 0303 0202 0101 0303 0103 0202 0302 0204 0401 0101 0303 0103 0404 0404 0402 0404 0404 0303 0202 0404 0404 0202 0101 
59 , 0101 0404 0101 0101 0202 0201 0404 0204 0404 0303 0202 0401 0303 0102 0401 0101 0303 0404 0404 0303 0101 0303 0404 0203 0404 0201 0101 0404 0101 0202 0101 0204 0202 0404 0404 0101 0303 0202 0202 0404 0303 0302 0404 0404 0303 0201 0202 0303 0404 0202 0202 0303 0303 0202 0404 0302 0303 0301 0101 0304 0202 0402 0303 0202 0304 0102 0404 0303 0101 0404 0101 0101 0303 0404 0403 0101 0404 0401 0202 0404 0404 0304 0202 0404 0301 0404 0102 0303 0101 0202 0101 0101 0103 0404 0404 0104 0104 0202 0101 0404 0302 0303 0301 0202 0101 0303 0201 0101 0404 0102 0404 0303 0303 0303 0404 0303 0404 0201 0101 0301 0302 0403 0402 0303 0101 0303 0101 0202 0101 0101 0101 0204 0202 0103 0404 0101 0404 0403 0102 0101 0403 0101 0202 0302 0402 0101 0101 0304 0103 0404 0404 0204 0401 0404 0303 0303 0404 0404 0201 0101 
60 , 0101 0404 0101 0101 0102 0202 0404 0204 0404 0303 0303 0104 0302 0101 0404 0101 0303 0404 0104 0203 0101 0103 0104 0202 0404 0101 0101 0403 0101 0204 0101 0404 0202 0304 0404 0101 0202 0303 0201 0204 0303 0203 0104 0304 0101 0202 0202 0303 0402 0203 0404 0303 0303 0202 0404 0202 0301 0101 0101 0303 0203 0204 0303 0202 0304 0202 0404 0303 0101 0404 0101 0101 0303 0404 0303 0101 0404 0101 0202 0404 0404 0403 0202 0204 0303 0104 0201 0302 0101 0202 0101 0201 0103 0404 0402 0101 0404 0202 0103 0404 0202 0303 0101 0101 0401 0303 0201 0101 0404 0201 0404 0303 0303 0303 0404 0303 0304 0202 0101 0103 0302 0304 0202 0303 0101 0203 0102 0202 0101 0303 0103 0202 0302 0101 0404 0102 0202 0403 0202 0101 0303 0301 0202 0302 0404 0401 0101 0303 0103 0404 0403 0202 0404 0404 0303 0303 0404 0404 0202 0401 
61 , 0101 0404 0301 0101 0102 0202 0404 0402 0404 0303 0303 0401 0302 0101 0404 0101 0303 0404 0404 0303 0102 0101 0404 0302 0404 0101 0101 0404 0401 0202 0101 0404 0203 0403 0404 0103 0202 0303 0202 0404 0303 0203 0101 0403 0101 0202 0202 0303 0404 0202 0404 0303 0303 0204 0404 0202 0303 0301 0101 0403 0302 0404 0303 0202 0303 0101 0402 0103 0101 0404 0101 0401 0303 0404 0303 0102 0104 0104 0202 0404 0403 0403 0202 0404 0303 0404 0102 0203 0101 0202 0101 0202 0103 0402 0404 0101 0101 0203 0103 0404 0202 0101 0101 0201 0401 0303 0201 0101 0404 0101 0404 0303 0303 0303 0404 0203 0304 0201 0103 0301 0303 0303 0404 0304 0101 0303 0102 0202 0101 0301 0103 0202 0203 0103 0104 0101 0202 0303 0102 0101 0304 0101 0102 0303 0404 0101 0101 0304 0303 0404 0404 0202 0404 0404 0403 0203 0404 0404 0202 0101 
62 , 0101 0404 0101 0101 0201 0101 0404 0202 0404 0303 0303 0104 0202 0101 0104 0101 0303 0404 0404 0302 0101 0303 0401 0303 0404 0101 0101 0404 0101 0202 0101 0402 0202 0404 0404 0101 0203 0303 0202 0404 0303 0303 0401 0404 0303 0202 0303 0303 0404 0203 0202 0303 0403 0202 0404 0202 0303 0301 0101 0303 0203 0204 0303 0202 0303 0202 0404 0303 0101 0404 0101 0101 0101 0404 0303 0202 0401 0101 0202 0401 0304 0303 0202 0204 0303 0404 0101 0303 0102 0202 0101 0101 0101 0404 0202 0101 0404 0302 0101 0404 0202 0303 0101 0101 0104 0303 0202 0101 0404 0202 0404 0303 0303 0203 0404 0303 0404 0102 0103 0103 0303 0303 0404 0303 0101 0202 0202 0202 0101 0103 0101 0202 0302 0103 0404 0101 0404 0403 0202 0101 0403 0101 0202 0303 0402 0101 0101 0303 0303 0401 0403 0204 0404 0404 0303 0303 0204 0403 0202 0101 
63 , 0101 0404 0101 0101 0102 0101 0404 0204 0404 0303 0303 0401 0302 0202 0401 0101 0303 0404 0401 0302 0101 0303 0404 0302 0404 0101 0101 0404 0101 0202 0101 0404 0202 0404 0404 0101 0302 0303 0202 0404 0203 0302 0404 0404 0301 0102 0202 0303 0402 0203 0202 0303 0403 0202 0404 0302 0303 0101 0101 0303 0202 0402 0303 0302 0304 0202 0404 0303 0101 0404 0101 0101 0303 0404 0303 0102 0404 0101 0202 0104 0304 0303 0202 0404 0101 0401 0101 0303 0101 0202 0101 0201 0303 0404 0404 0104 0404 0203 0101 0404 0202 0303 0101 0102 0101 0303 0201 0102 0404 0202 0404 0303 0303 0303 0404 0303 0404 0102 0101 0101 0202 0403 0402 0303 0103 0202 0201 0202 0101 0101 0101 0204 0302 0303 0104 0101 0404 0404 0202 0101 0403 0301 0202 0203 0202 0101 0101 0303 0303 0404 0404 0204 0401 0404 0303 0203 0404 0403 0202 0101 
64 , 0101 0404 0101 0101 0201 0202 0404 0202 0403 0301 0303 0101 0203 0201 0104 0101 0303 0404 0101 0303 0202 0101 0404 0303 0404 0102 0101 0404 0101 0202 0101 0402 0202 0404 0404 0101 0302 0303 0202 0404 0303 0303 0404 0404 0303 0201 0302 0303 0404 0203 0204 0203 0403 0402 0404 0202 0303 0101 0101 0303 0202 0404 0303 0202 0303 0101 0402 0303 0101 0404 0101 0101 0103 0404 0303 0201 0404 0404 0202 0101 0403 0404 0202 0402 0301 0404 0101 0303 0102 0202 0102 0102 0103 0402 0404 0101 0104 0303 0101 0404 0302 0303 0101 0102 0104 0303 0202 0101 0404 0102 0404 0302 0303 0303 0204 0303 0404 0102 0101 0303 0203 0304 0402 0303 0101 0202 0102 0202 0101 0101 0103 0402 0202 0103 0101 0201 0402 0404 0202 0101 0303 0301 0102 0202 0202 0101 0101 0304 0303 0404 0403 0204 0401 0404 0304 0303 0404 0404 0202 0101 
65 , 0101 0202 0301 0101 0102 0202 0404 0404 0403 0303 0303 0401 0203 0102 0404 0101 0303 0404 0401 0303 0102 0101 0104 0303 0404 0101 0101 0404 0101 0202 0101 0402 0202 0403 0401 0101 0302 0303 0102 0404 0303 0303 0404 0403 0303 0202 0202 0303 0404 0203 0204 0303 0303 0402 0404 0202 0303 0101 0101 0303 0302 0404 0301 0302 0403 0201 0404 0303 0101 0404 0101 0401 0303 0404 0303 0101 0101 0104 0202 0101 0303 0404 0202 0402 0303 0104 0101 0303 0101 0402 0102 0102 0103 0202 0404 0401 0401 0203 0101 0404 0302 0303 0101 0202 0404 0303 0202 0101 0404 0101 0404 0302 0303 0203 0404 0303 0403 0201 0101 0103 0303 0304 0402 0303 0101 0303 0202 0202 0101 0301 0101 0202 0202 0303 0104 0101 0202 0304 0101 0101 0403 0101 0102 0203 0204 0401 0101 0304 0303 0404 0403 0202 0401 0404 0304 0303 0404 0404 0102 0101 
66 , 0102 0404 0101 0103 0101 0201 0204 0202 0404 0303 0303 0104 0202 0202 0404 0401 0303 0404 0104 0303 0201 0103 0401 0303 0404 0101 0101 0304 0101 0402 0101 0404 0202 0404 0404 0101 0202 0303 0102 0404 0303 0303 0404 0404 0303 0201 0202 0103 0404 0202 0402 0303 0303 0202 0204 0202 0303 0101 0101 0403 0202 0404 0301 0202 0303 0102 0404 0303 0101 0404 0101 0104 0301 0404 0303 0101 0401 0404 0202 0404 0404 0304 0202 0402 0303 0401 0101 0302 0101 0202 0101 0102 0103 0404 0402 0101 0404 0302 0301 0404 0203 0103 0101 0202 0101 0303 0201 0101 0404 0202 0404 0303 0303 0303 0404 0303 0304 0202 0101 0303 0303 0403 0402 0303 0101 0303 0101 0202 0101 0101 0101 0202 0303 0303 0401 0201 0202 0304 0102 0101 0303 0101 0201 0203 0402 0101 0101 0303 0303 0404 0404 0204 0404 0404 0303 0303 0204 0404 0202 0101 
67 , 0101 0202 0101 0101 0101 0201 0404 0204 0404 0303 0303 0401 0202 0202 0404 0101 0302 0404 0404 0203 0101 0103 0404 0303 0404 0101 0101 0404 0101 0202 0101 0402 0202 0304 0404 0101 0302 0303 0102 0404 0302 0302 0404 0404 0303 0201 0302 0303 0404 0302 0404 0303 0303 0202 0404 0202 0303 0101 0101 0403 0303 0402 0303 0202 0304 0101 0404 0303 0101 0404 0101 0101 0301 0404 0303 0101 0404 0104 0202 0404 0403 0404 0202 0404 0303 0404 0101 0203 0102 0202 0101 0202 0101 0404 0202 0101 0404 0202 0101 0404 0202 0101 0101 0102 0101 0303 0202 0201 0404 0102 0401 0303 0403 0303 0404 0302 0304 0102 0101 0303 0302 0303 0402 0403 0101 0202 0202 0202 0103 0301 0101 0402 0203 0103 0404 0101 0404 0404 0202 0101 0303 0101 0201 0202 0404 0101 0101 0303 0301 0404 0404 0202 0404 0104 0303 0303 0404 0404 0202 0101 
68 , 0101 0404 0301 0101 0101 0102 0404 0202 0404 0303 0303 0401 0203 0202 0404 0101 0303 0204 0401 0303 0101 0303 0404 0303 0404 0101 0101 0404 0101 0202 0401 0404 0202 0404 0404 0101 0303 0303 0202 0404 0303 0203 0401 0404 0103 0202 0203 0103 0404 0303 0402 0303 0303 0202 0204 0303 0103 0101 0102 0303 0202 0404 0303 0302 0403 0202 0404 0303 0101 0404 0101 0404 0303 0403 0303 0202 0401 0104 0202 0404 0403 0404 0302 0404 0303 0404 0101 0302 0102 0404 0101 0202 0301 0202 0402 0101 0401 0302 0101 0404 0302 0303 0103 0101 0101 0303 0202 0101 0404 0202 0404 0303 0303 0202 0404 0303 0303 0202 0103 0303 0303 0303 0202 0403 0101 0303 0102 0404 0101 0101 0101 0202 0302 0301 0404 0101 0204 0304 0202 0201 0303 0101 0102 0302 0402 0101 0201 0403 0303 0404 0404 0402 0104 0404 0304 0303 0404 0404 0201 0401 
69 , 0101 0204 0101 0101 0101 0201 0404 0402 0404 0303 0303 0101 0202 0202 0404 0101 0303 0404 0404 0203 0101 0101 0104 0303 0404 0101 0101 0404 0101 0202 0101 0404 0202 0304 0404 0101 0202 0302 0202 0404 0203 0303 0404 0404 0303 0102 0202 0303 0404 0302 0402 0303 0303 0202 0404 0202 0303 0101 0101 0303 0303 0202 0303 0202 0403 0101 0404 0301 0101 0404 0101 0101 0303 0403 0303 0102 0404 0104 0202 0404 0404 0403 0202 0404 0303 0404 0102 0303 0202 0202 0101 0201 0101 0202 0402 0101 0404 0202 0101 0404 0202 0101 0101 0102 0104 0303 0102 0101 0404 0102 0404 0303 0304 0303 0204 0303 0403 0201 0101 0301 0202 0403 0404 0403 0103 0202 0201 0202 0101 0301 0101 0402 0202 0101 0101 0101 0402 0403 0202 0101 0303 0103 0201 0303 0402 0101 0101 0303 0303 0404 0404 0202 0404 0104 0304 0303 0404 0404 0202 0101 
70 , 0101 0404 0101 0101 0101 0201 0404 0402 0404 0303 0303 0101 0302 0202 0101 0101 0303 0404 0404 0203 0201 0301 0101 0202 0404 0101 0101 0404 0101 0402 0101 0404 0202 0404 0404 0301 0202 0303 0202 0404 0303 0303 0404 0404 0301 0201 0302 0303 0404 0302 0202 0303 0303 0202 0404 0302 0303 0101 0201 0303 0202 0204 0303 0302 0304 0101 0404 0103 0101 0404 0101 0104 0103 0404 0303 0101 0404 0104 0202 0401 0404 0403 0202 0404 0303 0401 0101 0303 0102 0202 0101 0202 0301 0404 0204 0401 0404 0202 0101 0401 0303 0303 0101 0102 0401 0304 0202 0101 0404 0201 0404 0202 0403 0303 0204 0203 0303 0102 0301 0103 0303 0404 0402 0303 0101 0203 0202 0202 0101 0103 0301 0202 0303 0303 0101 0101 0404 0304 0202 0102 0303 0101 0201 0303 0404 0401 0101 0304 0103 0401 0404 0202 0404 0104 0303 0302 0404 0404 0202 0101 
71 , 0102 0404 0101 0103 0201 0202 0404 0202 0404 0303 0303 0101 0303 0102 0101 0101 0303 0404 0404 0303 0201 0103 0401 0303 0404 0101 0101 0404 0101 0202 0101 0404 0202 0404 0404 0101 0202 0302 0102 0404 0303 0203 0404 0404 0303 0202 0202 0303 0404 0202 0202 0303 0303 0402 0404 0202 0301 0103 0101 0303 0202 0404 0301 0202 0303 0102 0404 0303 0101 0304 0101 0101 0303 0404 0403 0201 0401 0404 0202 0104 0404 0404 0202 0202 0303 0404 0101 0202 0102 0202 0101 0101 0103 0404 0402 0101 0104 0202 0101 0401 0203 0303 0101 0102 0401 0303 0202 0101 0404 0202 0404 0303 0303 0303 0404 0303 0403 0102 0101 0101 0202 0303 0402 0403 0101 0303 0202 0202 0301 0101 0101 0202 0203 0103 0101 0101 0204 0304 0202 0102 0303 0101 0201 0203 0404 0101 0101 0303 0303 0404 0404 0204 0404 0404 0303 0303 0404 0404 0202 0101 
72 , 0101 0404 0103 0101 0101 0201 0402 0202 0404 0303 0303 0101 0203 0202 0101 0101 0303 0204 0404 0303 0202 0101 0404 0302 0404 0101 0101 0404 0101 0204 0101 0402 0202 0404 0404 0101 0203 0303 0201 0404 0303 0302 0401 0403 0303 0201 0202 0303 0404 0202 0202 0303 0303 0402 0404 0202 0103 0101 0101 0303 0302 0404 0303 0202 0303 0202 0204 0303 0101 0403 0202 0104 0103 0404 0303 0101 0404 0104 0202 0401 0304 0404 0202 0202 0303 0404 0101 0303 0201 0202 0101 0201 0301 0402 0202 0101 0101 0202 0101 0404 0203 0301 0101 0101 0401 0303 0101 0101 0404 0102 0104 0303 0303 0303 0202 0302 0303 0201 0101 0301 0203 0303 0404 0303 0101 0303 0102 0202 0101 0101 0101 0404 0302 0101 0404 0201 0402 0404 0202 0101 0304 0101 0202 0303 0404 0101 0101 0404 0303 0404 0404 0202 0404 0404 0303 0303 0404 0404 0202 0404 
73 , 0101 0402 0101 0101 0102 0101 0404 0202 0404 0303 0303 0104 0303 0202 0404 0101 0303 0204 0404 0203 0201 0103 0404 0203 0401 0201 0102 0403 0101 0202 0101 0204 0202 0404 0404 0101 0302 0303 0202 0404 0303 0203 0101 0404 0101 0202 0202 0303 0204 0202 0404 0303 0303 0204 0204 0302 0303 0101 0101 0403 0203 0404 0303 0202 0303 0102 0404 0303 0101 0404 0101 0104 0303 0404 0303 0101 0401 0404 0204 0101 0303 0404 0202 0202 0301 0404 0101 0203 0101 0404 0101 0102 0101 0404 0202 0101 0101 0202 0101 0404 0302 0303 0303 0201 0101 0303 0201 0101 0404 0102 0404 0303 0303 0203 0404 0303 0304 0201 0101 0303 0203 0303 0404 0303 0103 0303 0102 0402 0101 0101 0101 0202 0203 0101 0401 0201 0204 0404 0202 0102 0303 0101 0101 0203 0202 0101 0102 0303 0101 0404 0404 0202 0404 0404 0303 0303 0204 0404 0202 0401 
74 , 0101 0402 0101 0101 0202 0201 0404 0204 0404 0303 0303 0101 0303 0102 0401 0101 0303 0404 0404 0303 0102 0301 0404 0303 0404 0101 0201 0404 0101 0202 0101 0204 0202 0404 0404 0101 0203 0203 0202 0404 0303 0203 0404 0404 0101 0101 0202 0301 0404 0202 0204 0303 0303 0402 0404 0202 0103 0301 0101 0304 0203 0204 0103 0302 0304 0101 0404 0303 0101 0404 0101 0401 0303 0403 0303 0101 0401 0401 0204 0104 0404 0404 0202 0204 0301 0404 0201 0303 0101 0202 0101 0201 0301 0404 0404 0101 0401 0202 0103 0404 0303 0103 0101 0102 0104 0303 0102 0101 0404 0101 0404 0203 0303 0302 0404 0303 0403 0202 0101 0103 0202 0304 0404 0303 0101 0303 0102 0202 0301 0103 0301 0204 0203 0303 0404 0101 0404 0403 0202 0101 0304 0101 0101 0203 0402 0101 0101 0403 0101 0404 0404 0202 0401 0404 0303 0203 0204 0304 0202 0101 
75 , 0101 0404 0101 0101 0101 0202 0404 0202 0404 0303 0303 0401 0302 0201 0101 0101 0303 0404 0401 0303 0201 0101 0404 0303 0404 0101 0201 0404 0101 0402 0101 0204 0202 0404 0404 0101 0202 0302 0202 0404 0302 0302 0404 0404 0301 0201 0202 0303 0404 0202 0402 0303 0303 0202 0404 0302 0303 0101 0101 0403 0302 0204 0303 0303 0404 0202 0404 0303 0101 0404 0101 0401 0103 0404 0304 0101 0404 0404 0202 0404 0404 0403 0202 0404 0303 0104 0101 0303 0102 0202 0102 0202 0101 0404 0202 0401 0401 0202 0103 0404 0302 0101 0101 0102 0101 0303 0201 0101 0404 0202 0404 0303 0304 0303 0402 0302 0404 0102 0103 0101 0203 0303 0204 0304 0101 0303 0101 0204 0301 0101 0101 0202 0202 0101 0104 0101 0204 0403 0102 0101 0304 0101 0201 0302 0404 0101 0101 0404 0103 0104 0404 0202 0404 0404 0303 0303 0404 0404 0202 0101 
76 , 0101 0204 0101 0101 0102 0102 0404 0202 0304 0303 0302 0101 0202 0102 0404 0101 0303 0404 0404 0303 0102 0101 0404 0202 0404 0101 0101 0304 0101 0202 0101 0402 0203 0303 0401 0101 0303 0302 0102 0404 0303 0303 0404 0403 0301 0202 0202 0303 0404 0202 0204 0302 0304 0204 0404 0202 0303 0101 0101 0304 0303 0202 0103 0202 0303 0101 0404 0303 0101 0403 0102 0101 0301 0404 0303 0102 0404 0404 0202 0101 0403 0404 0202 0404 0303 0104 0201 0303 0201 0202 0101 0101 0103 0402 0204 0101 0401 0202 0103 0404 0302 0301 0101 0201 0101 0303 0201 0101 0404 0102 0404 0303 0303 0303 0404 0303 0404 0202 0101 0101 0303 0303 0204 0304 0101 0202 0102 0202 0301 0101 0101 0402 0203 0103 0104 0101 0204 0404 0102 0101 0304 0101 0202 0202 0202 0101 0101 0304 0303 0404 0404 0202 0401 0404 0303 0303 0404 0404 0202 0101 
77 , 0101 0404 0101 0101 0101 0102 0404 0202 0403 0303 0303 0101 0303 0102 0401 0101 0303 0404 0404 0203 0101 0103 0104 0302 0404 0101 0101 0404 0101 0204 0101 0404 0202 0304 0404 0103 0202 0303 0202 0404 0303 0203 0404 0404 0303 0202 0203 0303 0202 0302 0402 0303 0303 0204 0402 0202 0301 0101 0201 0303 0302 0402 0303 0303 0403 0101 0404 0303 0101 0304 0101 0404 0303 0304 0403 0201 0404 0401 0202 0101 0403 0403 0202 0204 0303 0104 0101 0203 0101 0202 0101 0202 0103 0402 0402 0101 0401 0303 0101 0404 0203 0103 0301 0101 0101 0303 0102 0101 0404 0202 0404 0303 0403 0303 0404 0303 0304 0102 0101 0101 0203 0303 0402 0304 0101 0302 0101 0202 0101 0101 0103 0402 0302 0301 0404 0101 0404 0404 0202 0101 0303 0101 0101 0203 0404 0104 0101 0304 0303 0104 0404 0202 0404 0404 0303 0303 0404 0404 0202 0401 
78 , 0101 0402 0101 0101 0101 0102 0404 0202 0304 0303 0303 0101 0302 0201 0401 0101 0302 0404 0404 0303 0101 0103 0404 0302 0404 0101 0101 0304 0101 0202 0101 0404 0202 0404 0401 0101 0302 0303 0202 0404 0303 0303 0401 0404 0303 0102 0202 0303 0404 0202 0204 0303 0403 0204 0404 0202 0303 0101 0102 0303 0202 0404 0301 0202 0303 0102 0404 0303 0101 0404 0101 0101 0103 0404 0303 0101 0101 0404 0202 0404 0304 0403 0203 0404 0303 0404 0101 0303 0202 0202 0101 0201 0301 0404 0404 0101 0404 0202 0101 0401 0303 0301 0101 0202 0101 0303 0202 0201 0404 0201 0104 0303 0303 0303 0402 0303 0303 0102 0101 0301 0302 0303 0402 0303 0101 0203 0201 0202 0101 0101 0301 0402 0302 0303 0104 0201 0404 0403 0202 0101 0303 0101 0202 0303 0202 0104 0101 0304 0303 0404 0404 0202 0404 0404 0303 0203 0404 0404 0202 0401 
79 , 0101 0404 0101 0101 0101 0202 0404 0202 0404 0303 0303 0101 0203 0101 0401 0101 0303 0404 0401 0302 0101 0103 0404 0303 0404 0101 0101 0404 0101 0204 0101 0404 0302 0403 0404 0101 0303 0303 0202 0402 0203 0203 0101 0404 0301 0202 0202 0303 0404 0202 0202 0303 0303 0202 0404 0202 0303 0101 0101 0303 0302 0204 0301 0303 0303 0101 0404 0103 0101 0404 0101 0404 0303 0304 0303 0101 0404 0101 0204 0401 0403 0304 0203 0404 0303 0401 0101 0303 0201 0402 0101 0201 0101 0404 0204 0401 0101 0202 0101 0401 0202 0301 0101 0101 0401 0303 0201 0101 0404 0101 0401 0303 0303 0202 0404 0202 0303 0202 0101 0303 0303 0403 0402 0303 0101 0302 0102 0202 0101 0301 0101 0202 0202 0101 0404 0101 0204 0404 0202 0101 0403 0101 0101 0303 0202 0104 0101 0304 0301 0401 0404 0402 0404 0401 0303 0303 0402 0404 0202 0101 
80 , 0102 0204 0301 0101 0202 0102 0404 0202 0404 0303 0303 0404 0202 0201 0404 0101 0303 0404 0404 0302 0201 0103 0404 0302 0404 0101 0101 0404 0101 0204 0101 0402 0202 0404 0404 0301 0203 0303 0202 0404 0303 0303 0404 0404 0103 0201 0202 0303 0404 0302 0204 0303 0303 0402 0404 0203 0303 0301 0101 0303 0202 0404 0303 0203 0303 0102 0404 0303 0101 0404 0101 0101 0103 0404 0303 0101 0404 0404 0202 0101 0304 0404 0202 0404 0303 0404 0101 0303 0101 0202 0101 0201 0101 0402 0204 0101 0404 0202 0101 0404 0303 0301 0103 0102 0104 0303 0202 0101 0404 0202 0404 0303 0303 0302 0404 0303 0404 0102 0101 0303 0203 0303 0204 0303 0101 0302 0102 0202 0101 0101 0103 0402 0202 0101 0101 0201 0202 0403 0102 0102 0303 0101 0101 0203 0204 0101 0101 0303 0303 0404 0404 0204 0404 0404 0303 0303 0204 0404 0202 0101 
81 , 0101 0404 0101 0101 0102 0202 0404 0204 0404 0303 0303 0101 0302 0202 0104 0101 0303 0404 0404 0303 0202 0101 0404 0303 0404 0102 0101 0303 0101 0202 0401 0204 0202 0404 0404 0101 0202 0303 0202 0404 0303 0202 0404 0404 0101 0102 0202 0301 0404 0202 0204 0303 0303 0402 0404 0202 0301 0301 0101 0303 0202 0202 0301 0302 0303 0102 0404 0303 0101 0404 0101 0104 0303 0304 0303 0201 0404 0404 0202 0104 0404 0404 0202 0204 0303 0101 0101 0202 0101 0202 0101 0102 0101 0204 0402 0101 0101 0203 0101 0404 0202 0101 0301 0102 0401 0303 0102 0101 0404 0202 0404 0303 0303 0303 0404 0303 0303 0101 0101 0101 0203 0303 0404 0303 0101 0303 0101 0202 0301 0103 0301 0202 0202 0303 0101 0101 0202 0304 0202 0101 0304 0101 0102 0202 0204 0101 0101 0404 0303 0404 0403 0204 0404 0401 0303 0203 0402 0404 0202 0404 
82 , 0101 0404 0101 0101 0201 0102 0404 0204 0404 0303 0303 0104 0203 0101 0401 0101 0303 0404 0404 0303 0201 0301 0404 0203 0404 0101 0101 0404 0104 0202 0101 0404 0202 0304 0404 0103 0202 0302 0202 0404 0303 0203 0404 0304 0103 0202 0202 0303 0404 0203 0402 0303 0303 0202 0404 0202 0303 0101 0101 0303 0203 0202 0301 0302 0304 0102 0204 0303 0101 0404 0101 0101 0303 0404 0303 0101 0404 0404 0202 0104 0304 0303 0202 0404 0103 0404 0101 0303 0101 0202 0101 0201 0303 0402 0204 0101 0101 0303 0101 0404 0202 0301 0101 0101 0101 0303 0202 0101 0404 0202 0404 0302 0303 0303 0404 0303 0403 0201 0101 0301 0303 0403 0204 0303 0101 0303 0202 0202 0103 0301 0301 0202 0203 0303 0401 0101 0404 0404 0202 0102 0403 0103 0102 0303 0202 0104 0101 0303 0303 0104 0404 0204 0404 0404 0303 0303 0202 0304 0202 0104 
83 , 0101 0204 0101 0101 0201 0202 0404 0202 0404 0303 0303 0101 0202 0201 0401 0101 0303 0404 0404 0303 0101 0101 0404 0302 0104 0101 0101 0404 0101 0402 0104 0404 0202 0304 0404 0101 0302 0302 0202 0404 0303 0302 0401 0404 0103 0202 0202 0303 0404 0202 0404 0303 0303 0202 0404 0202 0301 0101 0101 0303 0302 0204 0303 0203 0303 0102 0404 0303 0101 0404 0102 0101 0303 0404 0303 0101 0101 0404 0202 0404 0404 0403 0303 0402 0301 0404 0101 0303 0201 0202 0101 0202 0103 0204 0404 0101 0104 0202 0101 0404 0202 0101 0101 0102 0101 0304 0202 0101 0404 0201 0404 0303 0303 0303 0402 0303 0304 0201 0103 0303 0302 0403 0402 0303 0101 0303 0201 0204 0101 0101 0101 0204 0202 0301 0104 0201 0404 0403 0102 0101 0303 0101 0101 0303 0402 0104 0101 0304 0303 0404 0404 0202 0404 0404 0403 0303 0404 0404 0202 0101 
84 , 0101 0204 0101 0101 0101 0201 0404 0204 0403 0303 0303 0101 0202 0102 0404 0101 0302 0404 0404 0303 0201 0301 0404 0203 0404 0101 0101 0303 0101 0202 0104 0202 0202 0404 0404 0101 0302 0203 0102 0404 0302 0303 0104 0404 0303 0201 0202 0303 0204 0202 0404 0303 0303 0204 0404 0202 0303 0101 0101 0304 0202 0404 0303 0202 0304 0202 0404 0303 0101 0404 0201 0401 0303 0404 0303 0101 0404 0401 0202 0104 0404 0404 0203 0204 0303 0404 0101 0303 0101 0404 0101 0101 0101 0404 0404 0101 0101 0202 0101 0404 0302 0303 0101 0202 0104 0303 0201 0101 0404 0101 0404 0303 0304 0303 0404 0303 0303 0201 0101 0103 0202 0303 0404 0303 0101 0302 0102 0204 0101 0101 0101 0202 0203 0101 0404 0101 0404 0304 0202 0101 0403 0101 0202 0302 0202 0101 0101 0403 0303 0404 0404 0402 0401 0404 0303 0302 0404 0404 0202 0104 
85 , 0101 0402 0101 0101 0202 0201 0404 0204 0404 0303 0303 0101 0203 0202 0401 0401 0303 0404 0401 0303 0102 0103 0404 0203 0104 0101 0101 0404 0101 0402 0101 0404 0202 0304 0404 0101 0203 0303 0101 0402 0303 0303 0404 0404 0103 0101 0202 0303 0404 0302 0202 0303 0303 0402 0404 0202 0103 0301 0101 0303 0303 0404 0303 0203 0304 0101 0404 0103 0101 0404 0101 0104 0303 0403 0303 0101 0401 0404 0202 0104 0403 0303 0203 0204 0103 0404 0101 0203 0101 0204 0101 0201 0301 0204 0404 0101 0101 0202 0103 0404 0203 0103 0101 0102 0104 0303 0102 0101 0404 0201 0404 0303 0304 0302 0402 0303 0304 0201 0101 0103 0303 0303 0404 0303 0101 0302 0202 0202 0103 0103 0101 0202 0203 0303 0104 0201 0204 0404 0202 0101 0304 0103 0101 0303 0202 0101 0102 0403 0301 0404 0404 0202 0401 0404 0404 0303 0404 0404 0202 0101 
86 , 0101 0402 0101 0301 0102 0102 0404 0404 0404 0303 0203 0101 0302 0202 0101 0101 0303 0404 0404 0203 0102 0303 0404 0203 0404 0102 0101 0403 0101 0202 0101 0404 0202 0404 0404 0101 0202 0203 0202 0404 0303 0302 0404 0404 0101 0202 0202 0301 0404 0202 0204 0203 0403 0202 0404 0203 0301 0101 0101 0403 0202 0402 0301 0202 0303 0102 0404 0303 0101 0404 0101 0104 0103 0404 0403 0101 0104 0404 0202 0104 0403 0304 0202 0404 0303 0401 0101 0303 0101 0204 0101 0201 0101 0204 0402 0101 0101 0202 0101 0404 0302 0303 0101 0202 0101 0303 0202 0101 0404 0202 0404 0303 0303 0303 0404 0303 0403 0201 0101 0103 0303 0303 0404 0303 0101 0203 0102 0204 0101 0301 0101 0202 0202 0103 0101 0101 0204 0304 0202 0101 0304 0101 0101 0203 0404 0101 0101 0304 0103 0404 0403 0204 0404 0401 0303 0303 0202 0404 0202 0101 
87 , 0101 0404 0101 0101 0101 0202 0404 0202 0404 0303 0203 0101 0202 0201 0404 0101 0303 0404 0404 0202 0102 0103 0404 0203 0404 0101 0101 0304 0101 0202 0104 0202 0203 0304 0404 0101 0303 0303 0102 0404 0303 0302 0401 0404 0303 0201 0203 0303 0404 0303 0202 0303 0303 0202 0404 0202 0301 0101 0101 0303 0303 0204 0303 0202 0303 0102 0404 0303 0101 0404 0101 0101 0103 0404 0303 0101 0401 0404 0202 0401 0404 0404 0202 0404 0303 0104 0201 0303 0201 0202 0101 0101 0103 0404 0202 0101 0104 0302 0101 0404 0302 0301 0101 0201 0104 0303 0202 0101 0404 0202 0404 0303 0303 0202 0404 0303 0404 0201 0101 0303 0303 0303 0204 0303 0101 0202 0202 0202 0101 0103 0101 0404 0202 0101 0404 0101 0204 0404 0102 0101 0303 0101 0202 0203 0202 0101 0101 0303 0303 0104 0403 0204 0404 0404 0303 0302 0404 0403 0202 0101 
88 , 0101 0404 0101 0101 0102 0202 0404 0202 0404 0303 0303 0104 0302 0202 0404 0101 0203 0404 0404 0303 0201 0303 0404 0302 0404 0101 0101 0403 0101 0202 0401 0404 0202 0304 0404 0101 0202 0302 0101 0404 0303 0303 0404 0403 0301 0201 0202 0303 0402 0302 0402 0303 0303 0202 0204 0202 0301 0101 0101 0304 0203 0204 0303 0202 0304 0102 0404 0303 0101 0404 0101 0101 0303 0404 0303 0101 0404 0101 0202 0404 0404 0403 0203 0204 0301 0104 0101 0302 0101 0202 0101 0102 0301 0404 0202 0101 0104 0202 0303 0404 0302 0101 0101 0202 0101 0303 0202 0101 0404 0101 0404 0303 0303 0303 0204 0303 0403 0202 0101 0303 0203 0304 0404 0303 0101 0303 0202 0202 0101 0301 0101 0402 0203 0101 0404 0101 0202 0303 0201 0101 0403 0101 0202 0302 0204 0101 0101 0303 0303 0404 0404 0402 0404 0404 0303 0303 0402 0404 0202 0101 
89 , 0101 0404 0101 0101 0201 0202 0404 0202 0404 0303 0302 0104 0302 0102 0404 0101 0303 0404 0404 0303 0102 0301 0404 0302 0404 0102 0201 0304 0101 0202 0101 0404 0202 0304 0404 0101 0302 0303 0202 0404 0303 0203 0404 0404 0303 0102 0203 0303 0404 0303 0204 0303 0403 0202 0204 0202 0303 0101 0101 0303 0203 0404 0303 0303 0404 0201 0404 0103 0101 0404 0101 0104 0101 0404 0303 0102 0404 0404 0202 0104 0403 0403 0202 0404 0103 0401 0101 0303 0102 0402 0101 0102 0301 0404 0204 0104 0104 0202 0101 0404 0302 0303 0301 0101 0101 0303 0202 0101 0404 0101 0404 0203 0303 0303 0204 0303 0303 0102 0101 0303 0202 0303 0202 0303 0101 0303 0201 0202 0101 0101 0101 0202 0302 0103 0404 0201 0202 0404 0201 0101 0403 0101 0101 0202 0202 0101 0101 0304 0303 0404 0404 0202 0401 0404 0403 0303 0404 0404 0202 0101 
90 , 0101 0404 0301 0101 0101 0102 0204 0404 0404 0303 0303 0101 0302 0101 0404 0401 0303 0404 0101 0303 0101 0303 0404 0203 0404 0101 0101 0404 0101 0202 0101 0404 0202 0404 0404 0101 0303 0203 0202 0404 0303 0203 0404 0404 0303 0102 0202 0303 0404 0202 0404 0303 0403 0202 0404 0202 0101 0303 0101 0304 0203 0404 0303 0202 0304 0202 0204 0303 0101 0404 0101 0101 0303 0404 0304 0101 0404 0104 0202 0104 0403 0404 0202 0202 0303 0404 0101 0302 0102 0202 0101 0101 0303 0402 0402 0101 0101 0202 0101 0404 0303 0301 0101 0102 0101 0303 0202 0101 0404 0202 0404 0303 0303 0203 0204 0303 0304 0202 0303 0303 0202 0403 0404 0303 0101 0303 0202 0402 0101 0301 0303 0402 0303 0303 0404 0101 0204 0404 0101 0101 0304 0101 0101 0303 0402 0101 0101 0303 0303 0404 0404 0404 0404 0404 0303 0303 0404 0404 0202 0101 
91 , 0101 0404 0101 0301 0102 0102 0402 0202 0404 0303 0303 0101 0202 0202 0404 0101 0303 0404 0404 0203 0101 0103 0404 0303 0404 0101 0101 0404 0101 0202 0101 0404 0202 0404 0404 0101 0303 0302 0101 0404 0303 0303 0401 0404 0103 0201 0202 0303 0402 0303 0204 0302 0303 0202 0404 0302 0301 0101 0101 0303 0302 0404 0303 0302 0404 0101 0404 0103 0101 0404 0101 0101 0303 0404 0303 0102 0104 0404 0202 0104 0403 0403 0302 0404 0103 0404 0101 0302 0201 0202 0102 0202 0103 0404 0402 0101 0101 0202 0301 0404 0203 0103 0101 0202 0101 0303 0202 0101 0404 0101 0404 0203 0403 0303 0404 0203 0404 0101 0101 0303 0303 0404 0404 0303 0101 0203 0201 0202 0101 0101 0101 0204 0202 0301 0404 0101 0202 0404 0201 0101 0303 0101 0101 0202 0404 0101 0101 0403 0303 0404 0404 0204 0404 0404 0303 0303 0404 0403 0202 0401 
92 , 0101 0402 0101 0101 0201 0101 0404 0202 0404 0301 0203 0401 0303 0201 0104 0101 0303 0404 0401 0303 0102 0301 0104 0303 0404 0102 0101 0404 0101 0404 0101 0204 0202 0404 0401 0101 0302 0203 0102 0404 0303 0303 0404 0404 0301 0102 0202 0303 0404 0203 0404 0303 0303 0202 0404 0202 0303 0301 0101 0303 0202 0404 0301 0202 0303 0201 0402 0303 0101 0404 0101 0101 0303 0304 0303 0101 0404 0404 0202 0101 0403 0304 0202 0204 0303 0404 0101 0303 0102 0402 0102 0202 0303 0402 0204 0101 0104 0203 0101 0404 0302 0303 0101 0102 0104 0303 0102 0101 0404 0101 0404 0302 0303 0303 0404 0203 0403 0202 0101 0303 0303 0304 0402 0303 0101 0303 0102 0202 0101 0101 0103 0202 0202 0103 0104 0101 0202 0404 0201 0101 0303 0101 0202 0302 0404 0101 0101 0303 0303 0401 0404 0404 0401 0404 0303 0303 0402 0404 0202 0101 
93 , 0101 0404 0101 0101 0202 0102 0402 0202 0403 0303 0303 0101 0303 0202 0404 0401 0303 0404 0104 0203 0201 0103 0404 0203 0404 0101 0101 0304 0101 0202 0101 0404 0202 0404 0404 0101 0203 0303 0102 0404 0302 0202 0404 0404 0103 0101 0202 0303 0404 0302 0204 0303 0303 0204 0404 0302 0303 0101 0101 0403 0303 0404 0303 0202 0303 0101 0404 0303 0101 0404 0102 0404 0101 0404 0303 0101 0101 0401 0202 0404 0303 0304 0302 0202 0303 0404 0102 0203 0101 0202 0101 0202 0301 0404 0204 0101 0404 0202 0101 0404 0302 0303 0101 0201 0101 0303 0102 0101 0404 0201 0401 0303 0303 0303 0402 0303 0304 0102 0101 0303 0302 0303 0404 0303 0101 0303 0102 0402 0101 0103 0103 0202 0303 0101 0404 0101 0204 0303 0202 0101 0303 0103 0202 0302 0204 0104 0101 0303 0303 0404 0404 0404 0404 0404 0303 0303 0404 0404 0202 0101 
94 , 0101 0404 0101 0101 0201 0202 0404 0202 0404 0303 0303 0401 0302 0201 0404 0101 0303 0404 0404 0203 0101 0301 0404 0302 0404 0101 0101 0404 0401 0204 0101 0404 0202 0404 0404 0101 0203 0203 0202 0404 0303 0303 0404 0404 0303 0202 0302 0301 0204 0202 0402 0303 0303 0402 0404 0202 0301 0301 0101 0403 0203 0404 0303 0203 0403 0102 0404 0301 0101 0404 0101 0104 0303 0404 0303 0101 0104 0401 0202 0101 0304 0304 0202 0202 0303 0404 0101 0203 0102 0204 0101 0102 0103 0204 0404 0101 0404 0202 0101 0401 0302 0303 0101 0202 0104 0303 0101 0101 0404 0101 0404 0303 0303 0303 0404 0303 0303 0102 0303 0303 0303 0403 0404 0303 0101 0203 0101 0202 0101 0301 0101 0202 0302 0303 0404 0101 0402 0304 0202 0101 0303 0303 0201 0203 0404 0401 0101 0303 0303 0404 0403 0404 0404 0404 0303 0203 0402 0404 0202 0101 
95 , 0101 0404 0101 0101 0201 0202 0204 0402 0404 0303 0303 0101 0302 0102 0404 0101 0303 0404 0404 0303 0102 0103 0404 0202 0401 0101 0101 0404 0101 0202 0101 0404 0202 0404 0401 0101 0302 0203 0202 0404 0302 0203 0401 0404 0103 0101 0202 0303 0404 0202 0404 0303 0403 0202 0404 0202 0103 0101 0101 0303 0202 0204 0301 0202 0403 0101 0402 0303 0101 0404 0101 0101 0303 0404 0403 0101 0404 0104 0202 0104 0404 0403 0202 0202 0301 0404 0101 0303 0101 0202 0101 0102 0301 0404 0404 0101 0104 0202 0101 0404 0203 0103 0101 0202 0101 0303 0202 0101 0404 0202 0404 0303 0303 0303 0404 0303 0303 0201 0103 0303 0202 0403 0404 0303 0101 0303 0201 0402 0101 0301 0101 0202 0302 0101 0404 0101 0402 0404 0102 0101 0303 0103 0101 0302 0204 0101 0101 0303 0303 0404 0404 0404 0404 0404 0304 0303 0404 0404 0202 0101 
96 , 0101 0404 0101 0101 0201 0202 0404 0204 0404 0303 0303 0401 0203 0102 0401 0101 0303 0404 0404 0303 0201 0303 0404 0303 0404 0101 0101 0404 0101 0202 0401 0202 0202 0403 0404 0101 0302 0302 0202 0404 0303 0202 0101 0304 0101 0201 0202 0303 0404 0302 0202 0303 0303 0202 0404 0202 0303 0103 0101 0303 0203 0404 0303 0202 0303 0201 0404 0303 0101 0404 0101 0401 0303 0404 0303 0101 0401 0404 0402 0401 0404 0304 0302 0404 0303 0404 0102 0303 0102 0202 0101 0101 0101 0404 0202 0101 0401 0202 0301 0404 0203 0103 0303 0202 0101 0403 0202 0201 0304 0102 0401 0202 0303 0303 0204 0303 0304 0101 0101 0303 0302 0303 0404 0303 0101 0202 0202 0204 0101 0101 0101 0202 0302 0301 0104 0201 0204 0403 0202 0101 0403 0101 0102 0203 0204 0101 0101 0304 0303 0104 0404 0402 0404 0404 0303 0203 0402 0404 0202 0101 
97 , 0101 0404 0101 0101 0101 0202 0404 0204 0404 0303 0303 0101 0303 0202 0401 0401 0303 0404 0404 0303 0202 0303 0404 0303 0404 0101 0101 0304 0101 0202 0101 0402 0202 0303 0404 0103 0303 0303 0202 0404 0303 0303 0404 0404 0303 0202 0302 0303 0404 0303 0404 0303 0304 0402 0404 0203 0303 0301 0101 0403 0303 0202 0303 0302 0404 0201 0404 0303 0101 0404 0101 0101 0303 0404 0303 0101 0404 0404 0402 0104 0404 0403 0203 0402 0303 0401 0101 0203 0201 0402 0101 0202 0101 0402 0404 0404 0404 0203 0101 0404 0202 0101 0101 0201 0101 0303 0202 0101 0404 0201 0404 0303 0403 0302 0402 0303 0403 0102 0101 0303 0203 0303 0404 0303 0101 0303 0201 0202 0101 0101 0101 0204 0203 0303 0404 0101 0402 0304 0101 0101 0303 0101 0102 0202 0204 0101 0101 0404 0303 0404 0303 0402 0404 0404 0303 0303 0404 0404 0202 0104 
98 , 0101 0402 0101 0101 0102 0102 0404 0202 0404 0303 0303 0101 0203 0101 0404 0104 0303 0204 0404 0303 0101 0303 0104 0302 0404 0101 0101 0304 0101 0202 0101 0404 0202 0403 0404 0101 0203 0302 0202 0404 0203 0302 0404 0404 0303 0202 0202 0303 0402 0302 0404 0303 0304 0204 0404 0202 0303 0301 0101 0303 0202 0404 0101 0202 0403 0202 0404 0303 0101 0404 0101 0104 0303 0404 0303 0101 0404 0404 0202 0401 0404 0404 0303 0404 0303 0404 0101 0302 0201 0202 0101 0201 0303 0402 0404 0101 0404 0203 0103 0404 0302 0303 0101 0202 0401 0303 0102 0101 0404 0202 0104 0303 0303 0203 0404 0303 0303 0201 0303 0303 0203 0304 0204 0303 0101 0202 0202 0204 0101 0301 0101 0202 0203 0301 0104 0101 0404 0403 0202 0101 0303 0101 0201 0302 0402 0401 0101 0304 0303 0404 0403 0202 0404 0404 0303 0203 0404 0404 0202 0401 
99 , 0101 0404 0101 0101 0202 0202 0404 0204 0404 0303 0303 0101 0303 0102 0104 0101 0303 0404 0404 0302 0101 0303 0404 0303 0404 0102 0201 0404 0101 0202 0101 0404 0202 0404 0404 0101 0302 0303 0202 0404 0303 0202 0404 0404 0101 0201 0202 0303 0404 0303 0402 0303 0403 0402 0404 0203 0301 0301 0101 0403 0202 0204 0303 0202 0403 0102 0404 0303 0101 0404 0201 0104 0103 0404 0303 0102 0104 0101 0202 0401 0404 0303 0302 0404 0303 0404 0101 0202 0102 0202 0101 0202 0103 0404 0204 0101 0101 0202 0103 0104 0203 0303 0101 0201 0104 0303 0202 0101 0404 0102 0404 0302 0403 0203 0204 0203 0403 0101 0103 0303 0303 0303 0404 0303 0101 0202 0202 0202 0101 0101 0101 0202 0203 0303 0404 0101 0402 0403 0202 0101 0304 0101 0202 0302 0204 0101 0101 0303 0303 0404 0304 0402 0404 0404 0303 0302 0404 0404 0102 0101 
100 , 0101 0404 0103 0101 0101 0101 0402 0202 0404 0303 0302 0101 0302 0202 0404 0101 0303 0404 0404 0303 0101 0303 0404 0302 0404 0101 0101 0404 0101 0202 0401 0404 0202 0404 0404 0101 0202 0303 0202 0404 0302 0203 0404 0404 0103 0202 0202 0103 0404 0202 0204 0203 0403 0202 0204 0202 0303 0101 0101 0403 0302 0204 0303 0203 0304 0101 0404 0303 0101 0404 0101 0104 0303 0404 0303 0101 0401 0404 0204 0404 0404 0304 0302 0402 0301 0101 0102 0303 0101 0202 0101 0102 0101 0204 0204 0101 0404 0202 0101 0404 0202 0103 0101 0202 0101 0303 0202 0101 0404 0201 0401 0203 0404 0203 0404 0302 0404 0102 0101 0301 0302 0303 0202 0303 0101 0303 0102 0202 0101 0303 0101 0402 0203 0303 0404 0102 0402 0304 0202 0101 0403 0103 0102 0303 0202 0401 0101 0303 0103 0404 0404 0204 0404 0404 0304 0303 0204 0404 0202 0401 
