Auto-generated genotype output.
1
2
3
4
5
6
7
8
9
10
11
12
13
14
15
16
17
18
19
20
21
22
23
24
25
26
27
28
29
30
31
32
33
34
35
36
37
38
39
40
41
42
43
44
45
46
47
48
49
50
51
52
53
54
55
56
57
58
59
60
61
62
63
64
65
66
67
68
69
70
71
72
73
74
75
76
77
78
79
80
Pop
1 , 0101 0404 0301 0101 0101 0201 0404 0202 0404 0303 0303 0104 0302 0101 0104 0101 0303 0404 0404 0303 0101 0101 0404 0202 0404 0102 0102 0404 0101 0202 0101 0404 0202 0404 0404 0101 0203 0303 0202 0404 0303 0303 0404 0404 0303 0202 0202 0303 0404 0202 0404 0303 0303 0202 0404 0202 0103 0101 0101 0303 0302 0404 0301 0303 0304 0201 0404 0303 0101 0404 0101 0101 0303 0404 0304 0101 0404 0104 0202 0401 
2 , 0101 0404 0301 0101 0201 0102 0404 0202 0404 0103 0303 0101 0202 0101 0401 0101 0303 0404 0101 0203 0201 0103 0404 0203 0404 0102 0201 0404 0101 0402 0101 0204 0202 0404 0404 0101 0202 0303 0202 0404 0303 0203 0401 0304 0103 0102 0302 0303 0402 0302 0204 0303 0303 0402 0404 0203 0301 0101 0101 0304 0203 0204 0103 0302 0303 0201 0204 0303 0101 0404 0101 0101 0301 0404 0303 0102 0404 0404 0202 0404 
3 , 0101 0404 0101 0301 0202 0202 0404 0404 0404 0303 0303 0101 0203 0202 0101 0101 0302 0404 0404 0203 0102 0103 0401 0303 0404 0101 0101 0304 0104 0202 0101 0404 0202 0404 0104 0101 0302 0303 0202 0404 0303 0303 0401 0404 0303 0202 0302 0303 0404 0202 0404 0303 0403 0402 0404 0203 0303 0101 0102 0303 0303 0402 0103 0302 0303 0202 0204 0303 0101 0403 0101 0101 0103 0404 0303 0101 0404 0404 0202 0104 
4 , 0101 0404 0101 0101 0101 0201 0404 0402 0404 0303 0303 0401 0203 0102 0404 0101 0203 0404 0104 0303 0101 0301 0404 0303 0404 0201 0201 0404 0101 0202 0101 0202 0202 0404 0401 0101 0202 0303 0202 0404 0203 0303 0404 0404 0301 0202 0303 0301 0404 0203 0404 0303 0303 0202 0402 0202 0303 0101 0101 0403 0303 0402 0303 0203 0303 0202 0402 0303 0101 0404 0101 0404 0103 0304 0303 0102 0401 0404 0402 0101 
5 , 0101 0404 0101 0101 0101 0201 0404 0202 0404 0303 0303 0101 0302 0201 0404 0401 0303 0404 0404 0303 0101 0103 0404 0302 0404 0201 0101 0403 0101 0202 0101 0404 0203 0404 0404 0101 0302 0303 0202 0404 0303 0303 0404 0404 0303 0101 0303 0303 0404 0302 0204 0303 0303 0204 0404 0202 0303 0101 0101 0303 0203 0402 0103 0202 0404 0101 0404 0301 0103 0404 0101 0101 0103 0404 0303 0101 0104 0404 0202 0401 
6 , 0101 0404 0101 0101 0101 0201 0404 0202 0404 0303 0303 0401 0202 0101 0404 0101 0303 0404 0104 0303 0201 0103 0404 0303 0404 0101 0101 0403 0101 0202 0101 0204 0202 0404 0404 0101 0202 0303 0202 0404 0203 0303 0401 0404 0303 0101 0203 0303 0404 0202 0204 0303 0303 0204 0404 0202 0301 0101 0101 0303 0202 0402 0303 0203 0404 0102 0404 0301 0103 0404 0101 0101 0303 0404 0303 0101 0401 0404 0204 0101 
7 , 0102 0404 0101 0101 0102 0201 0404 0204 0404 0301 0303 0101 0303 0202 0401 0101 0303 0404 0404 0303 0101 0103 0404 0302 0404 0101 0101 0404 0104 0202 0104 0404 0202 0404 0404 0101 0202 0302 0102 0404 0303 0303 0404 0404 0303 0102 0202 0303 0402 0203 0204 0303 0303 0202 0404 0202 0301 0101 0101 0303 0203 0404 0301 0302 0304 0101 0404 0303 0101 0304 0101 0101 0301 0404 0303 0101 0404 0101 0202 0101 
8 , 0101 0404 0101 0101 0101 0101 0404 0202 0404 0303 0303 0401 0303 0101 0401 0401 0303 0404 0401 0303 0101 0301 0404 0303 0404 0101 0101 0404 0101 0202 0101 0404 0202 0404 0404 0101 0202 0203 0202 0404 0202 0203 0404 0404 0301 0102 0203 0303 0404 0203 0402 0303 0303 0204 0404 0203 0103 0101 0101 0303 0302 0404 0103 0202 0304 0202 0402 0303 0301 0404 0101 0101 0301 0404 0303 0101 0401 0401 0202 0404 
9 , 0101 0404 0103 0101 0102 0202 0404 0202 0404 0303 0203 0101 0203 0202 0401 0104 0303 0404 0401 0302 0101 0101 0404 0302 0404 0101 0101 0404 0104 0202 0104 0404 0202 0404 0404 0101 0203 0303 0202 0404 0303 0203 0404 0404 0101 0202 0202 0303 0404 0303 0404 0303 0303 0404 0404 0303 0303 0301 0101 0403 0302 0404 0303 0202 0403 0101 0404 0303 0101 0404 0101 0101 0301 0404 0303 0202 0404 0404 0202 0404 
10 , 0101 0404 0101 0101 0201 0201 0404 0204 0304 0301 0302 0101 0202 0102 0404 0101 0303 0402 0404 0302 0202 0301 0404 0202 0404 0101 0101 0403 0401 0402 0104 0404 0202 0404 0404 0101 0202 0303 0202 0404 0303 0203 0401 0304 0303 0202 0202 0103 0204 0202 0404 0303 0303 0202 0404 0203 0303 0101 0201 0303 0202 0404 0103 0202 0304 0102 0404 0303 0101 0404 0101 0404 0303 0404 0303 0102 0404 0404 0202 0401 
11 , 0101 0404 0101 0101 0102 0202 0404 0202 0404 0303 0303 0101 0302 0201 0404 0101 0303 0404 0401 0303 0201 0301 0404 0203 0404 0101 0101 0404 0101 0202 0101 0404 0202 0404 0404 0103 0202 0203 0202 0404 0203 0303 0101 0404 0301 0202 0202 0301 0404 0202 0202 0303 0303 0402 0404 0202 0301 0101 0101 0303 0203 0404 0303 0202 0304 0202 0404 0303 0101 0404 0101 0401 0103 0404 0303 0101 0404 0404 0202 0404 
12 , 0101 0404 0101 0101 0101 0201 0404 0404 0404 0103 0203 0101 0203 0201 0401 0101 0303 0402 0404 0302 0101 0101 0404 0302 0404 0101 0101 0304 0101 0202 0101 0404 0202 0404 0104 0101 0303 0303 0102 0404 0303 0203 0104 0404 0303 0202 0202 0303 0404 0202 0402 0303 0304 0202 0404 0202 0301 0103 0101 0303 0202 0404 0303 0202 0303 0202 0404 0103 0101 0404 0101 0104 0303 0404 0303 0101 0404 0104 0202 0404 
13 , 0101 0404 0101 0101 0101 0201 0404 0202 0404 0303 0303 0101 0203 0202 0101 0101 0303 0404 0104 0302 0101 0303 0404 0303 0104 0101 0101 0404 0101 0402 0101 0404 0202 0404 0404 0101 0203 0302 0101 0404 0303 0303 0104 0404 0301 0102 0203 0303 0402 0203 0402 0303 0303 0402 0404 0202 0303 0101 0101 0304 0303 0402 0303 0203 0303 0101 0404 0303 0101 0304 0101 0101 0301 0404 0303 0101 0404 0104 0202 0104 
14 , 0101 0404 0101 0101 0201 0102 0402 0202 0404 0303 0303 0104 0302 0101 0401 0101 0303 0404 0104 0303 0101 0103 0404 0203 0101 0101 0101 0404 0101 0404 0401 0404 0203 0404 0404 0101 0203 0303 0202 0404 0303 0303 0404 0304 0103 0202 0202 0301 0404 0202 0404 0303 0303 0202 0404 0302 0103 0101 0101 0303 0303 0404 0103 0303 0404 0201 0404 0303 0101 0404 0101 0101 0103 0404 0303 0101 0404 0401 0202 0401 
15 , 0101 0404 0101 0101 0202 0202 0404 0204 0404 0301 0303 0401 0202 0202 0404 0101 0303 0404 0404 0303 0102 0303 0404 0303 0404 0101 0101 0403 0101 0202 0101 0404 0202 0404 0404 0103 0202 0303 0202 0404 0203 0303 0404 0403 0103 0202 0202 0303 0404 0203 0204 0303 0303 0402 0204 0202 0303 0101 0102 0303 0203 0202 0301 0303 0403 0102 0404 0103 0101 0404 0101 0101 0301 0304 0303 0102 0404 0404 0202 0104 
16 , 0102 0404 0101 0101 0102 0201 0404 0402 0404 0303 0303 0401 0303 0101 0404 0101 0203 0404 0104 0303 0101 0103 0404 0303 0404 0201 0101 0404 0101 0204 0104 0404 0202 0404 0404 0103 0202 0303 0202 0404 0203 0303 0404 0404 0301 0201 0302 0303 0404 0202 0404 0303 0304 0202 0404 0202 0303 0101 0101 0303 0303 0404 0303 0202 0304 0201 0404 0303 0101 0404 0101 0404 0303 0404 0303 0101 0404 0101 0402 0104 
17 , 0101 0402 0101 0101 0202 0102 0404 0202 0304 0303 0303 0101 0302 0201 0404 0101 0303 0404 0404 0203 0102 0303 0404 0202 0404 0101 0101 0303 0101 0202 0101 0404 0202 0404 0404 0101 0202 0303 0202 0404 0203 0203 0104 0404 0301 0201 0203 0303 0404 0202 0202 0302 0403 0204 0402 0202 0303 0101 0101 0303 0302 0202 0303 0302 0303 0102 0404 0303 0101 0404 0101 0404 0101 0404 0303 0101 0404 0104 0402 0404 
18 , 0101 0404 0101 0103 0202 0201 0404 0202 0404 0303 0303 0101 0202 0201 0404 0101 0303 0404 0104 0303 0101 0103 0404 0203 0404 0101 0101 0304 0401 0202 0101 0404 0202 0404 0404 0101 0203 0203 0201 0404 0303 0203 0101 0404 0103 0201 0202 0301 0404 0202 0204 0303 0404 0402 0404 0302 0303 0101 0101 0403 0303 0402 0103 0203 0303 0101 0404 0303 0101 0304 0101 0101 0103 0404 0303 0201 0401 0401 0202 0104 
19 , 0101 0404 0301 0101 0101 0202 0404 0202 0404 0103 0203 0101 0203 0202 0404 0101 0303 0202 0404 0302 0201 0103 0404 0302 0404 0101 0101 0404 0101 0202 0101 0404 0302 0403 0404 0101 0302 0303 0102 0404 0303 0302 0404 0404 0301 0201 0202 0303 0404 0302 0202 0302 0304 0204 0404 0203 0303 0101 0101 0303 0202 0404 0303 0202 0303 0201 0404 0303 0101 0404 0101 0101 0303 0404 0303 0102 0101 0404 0202 0404 
20 , 0101 0404 0101 0101 0101 0102 0204 0202 0404 0103 0303 0104 0203 0101 0404 0101 0303 0404 0404 0303 0101 0101 0404 0303 0404 0101 0101 0404 0101 0202 0104 0202 0202 0403 0104 0101 0203 0303 0202 0404 0303 0302 0104 0404 0301 0202 0303 0303 0404 0203 0202 0303 0303 0202 0404 0202 0301 0103 0201 0403 0302 0404 0303 0302 0303 0201 0404 0303 0101 0404 0101 0401 0303 0404 0303 0202 0101 0401 0202 0104 
21 , 0101 0404 0101 0101 0202 0201 0404 0202 0304 0103 0303 0101 0202 0101 0404 0101 0303 0404 0401 0303 0202 0103 0404 0203 0404 0101 0101 0404 0101 0402 0101 0404 0202 0403 0404 0101 0303 0303 0202 0404 0303 0203 0401 0404 0303 0202 0202 0301 0404 0202 0404 0203 0303 0402 0404 0202 0303 0101 0101 0303 0303 0404 0303 0203 0303 0101 0404 0303 0101 0404 0101 0101 0303 0404 0403 0201 0404 0401 0202 0104 
22 , 0101 0202 0101 0101 0101 0202 0404 0204 0404 0303 0303 0104 0303 0202 0401 0101 0203 0404 0404 0203 0101 0101 0104 0202 0404 0101 0101 0304 0101 0202 0101 0404 0302 0404 0404 0101 0202 0203 0101 0404 0303 0303 0401 0404 0101 0201 0202 0103 0404 0202 0402 0303 0304 0202 0404 0303 0303 0101 0101 0403 0202 0402 0303 0202 0303 0102 0204 0303 0101 0404 0201 0401 0301 0404 0303 0201 0401 0401 0204 0401 
23 , 0101 0404 0101 0103 0101 0202 0404 0404 0404 0303 0303 0101 0303 0202 0101 0101 0302 0404 0404 0302 0101 0103 0404 0303 0104 0101 0101 0403 0101 0202 0101 0404 0203 0404 0404 0103 0203 0203 0202 0204 0202 0303 0404 0403 0103 0201 0202 0303 0204 0303 0202 0303 0303 0204 0404 0202 0303 0101 0102 0303 0203 0402 0301 0202 0304 0102 0404 0303 0101 0403 0101 0401 0301 0404 0303 0102 0104 0401 0202 0104 
24 , 0101 0404 0101 0101 0102 0202 0404 0204 0404 0303 0303 0101 0203 0201 0401 0104 0303 0404 0404 0303 0102 0301 0404 0203 0404 0101 0101 0404 0104 0202 0101 0404 0202 0404 0404 0101 0303 0303 0202 0404 0303 0302 0401 0404 0303 0102 0202 0303 0204 0203 0402 0303 0303 0202 0404 0202 0303 0101 0101 0303 0202 0404 0303 0202 0403 0102 0404 0303 0101 0404 0101 0101 0301 0404 0303 0101 0104 0104 0202 0401 
25 , 0101 0402 0101 0101 0201 0101 0404 0204 0404 0303 0303 0404 0303 0202 0404 0101 0303 0402 0104 0302 0101 0101 0404 0203 0404 0101 0101 0404 0101 0404 0101 0404 0202 0404 0404 0101 0302 0303 0102 0404 0303 0202 0404 0404 0301 0102 0202 0303 0404 0202 0404 0303 0303 0202 0404 0203 0303 0101 0101 0304 0303 0402 0103 0203 0304 0101 0404 0303 0101 0404 0101 0104 0103 0404 0303 0201 0404 0104 0202 0101 
26 , 0101 0404 0101 0103 0201 0202 0404 0202 0404 0303 0203 0401 0303 0101 0104 0101 0203 0404 0404 0303 0101 0303 0404 0202 0404 0101 0101 0303 0101 0202 0101 0404 0202 0404 0404 0101 0203 0303 0202 0404 0302 0303 0404 0404 0303 0202 0202 0303 0404 0202 0402 0303 0303 0204 0404 0202 0303 0101 0101 0304 0303 0202 0101 0202 0403 0102 0404 0303 0101 0404 0101 0401 0303 0403 0303 0201 0404 0404 0204 0404 
27 , 0201 0404 0101 0303 0102 0102 0404 0204 0404 0303 0303 0101 0203 0201 0404 0404 0303 0404 0404 0303 0101 0303 0404 0303 0404 0101 0101 0403 0101 0202 0101 0404 0302 0404 0404 0101 0303 0203 0101 0404 0303 0303 0401 0403 0101 0201 0202 0303 0404 0302 0202 0303 0303 0202 0404 0202 0303 0101 0101 0303 0203 0204 0303 0302 0403 0101 0404 0303 0103 0404 0101 0104 0103 0404 0303 0101 0104 0404 0202 0104 
28 , 0101 0404 0101 0101 0102 0202 0204 0202 0404 0103 0203 0101 0303 0201 0404 0101 0303 0404 0404 0203 0102 0101 0404 0303 0404 0101 0101 0404 0104 0402 0101 0404 0202 0404 0404 0101 0203 0302 0102 0404 0303 0302 0104 0404 0301 0202 0302 0303 0404 0302 0204 0303 0304 0202 0404 0302 0303 0101 0102 0403 0202 0202 0301 0302 0304 0101 0404 0303 0101 0304 0101 0101 0303 0404 0303 0101 0404 0404 0202 0101 
29 , 0101 0404 0101 0101 0201 0202 0402 0204 0304 0303 0203 0101 0203 0102 0404 0101 0303 0404 0401 0303 0201 0303 0404 0203 0404 0101 0101 0404 0101 0402 0101 0402 0202 0404 0404 0101 0302 0303 0202 0402 0303 0203 0404 0404 0303 0101 0202 0303 0204 0303 0404 0203 0304 0404 0404 0202 0303 0101 0101 0303 0202 0404 0303 0302 0303 0102 0404 0301 0101 0404 0102 0104 0303 0404 0403 0202 0404 0401 0202 0101 
30 , 0101 0404 0103 0101 0101 0202 0404 0202 0404 0303 0303 0401 0303 0202 0404 0101 0302 0404 0404 0203 0102 0301 0404 0303 0404 0101 0201 0404 0104 0202 0104 0404 0202 0404 0404 0101 0202 0302 0102 0404 0203 0303 0401 0404 0301 0202 0203 0301 0402 0203 0404 0303 0303 0404 0404 0202 0303 0101 0101 0403 0203 0404 0103 0302 0304 0101 0204 0303 0101 0404 0101 0104 0301 0404 0303 0101 0404 0404 0202 0404 
31 , 0101 0404 0101 0101 0101 0202 0204 0202 0404 0303 0302 0104 0303 0102 0104 0101 0303 0402 0404 0303 0101 0303 0104 0202 0401 0101 0101 0304 0101 0402 0101 0404 0202 0404 0404 0101 0202 0303 0202 0404 0303 0303 0404 0404 0101 0101 0202 0303 0404 0203 0202 0302 0303 0204 0404 0202 0103 0103 0101 0303 0203 0404 0303 0202 0403 0101 0404 0303 0101 0404 0101 0101 0303 0404 0303 0202 0401 0404 0202 0401 
32 , 0101 0404 0101 0101 0202 0201 0402 0202 0404 0303 0203 0101 0302 0102 0404 0104 0303 0404 0404 0202 0101 0303 0404 0302 0401 0101 0101 0404 0101 0204 0101 0404 0202 0304 0404 0101 0303 0203 0202 0404 0303 0303 0404 0404 0303 0102 0302 0303 0404 0302 0204 0303 0303 0202 0404 0202 0303 0101 0201 0303 0202 0202 0303 0203 0303 0202 0404 0303 0101 0404 0101 0101 0101 0404 0303 0101 0104 0401 0202 0401 
33 , 0101 0204 0101 0101 0102 0201 0404 0202 0404 0303 0303 0101 0303 0201 0404 0101 0303 0404 0401 0203 0102 0301 0404 0203 0404 0101 0101 0403 0101 0402 0101 0404 0202 0404 0104 0103 0203 0302 0201 0404 0203 0303 0404 0304 0301 0102 0202 0103 0404 0202 0204 0303 0304 0402 0404 0302 0303 0101 0101 0403 0202 0202 0301 0203 0403 0202 0404 0303 0101 0404 0101 0101 0303 0404 0303 0202 0404 0404 0402 0401 
34 , 0101 0404 0101 0101 0202 0102 0404 0202 0404 0303 0303 0101 0302 0201 0104 0101 0303 0404 0104 0302 0101 0303 0401 0302 0104 0101 0101 0404 0101 0404 0104 0404 0202 0404 0401 0101 0202 0203 0102 0404 0303 0303 0104 0404 0303 0102 0202 0303 0402 0302 0204 0303 0304 0404 0404 0203 0101 0101 0101 0303 0302 0404 0303 0202 0304 0102 0404 0303 0103 0404 0101 0101 0301 0404 0303 0101 0404 0104 0202 0401 
35 , 0101 0404 0301 0301 0101 0202 0404 0202 0404 0303 0303 0401 0302 0201 0404 0101 0303 0404 0404 0303 0102 0101 0404 0303 0404 0101 0101 0304 0101 0202 0101 0204 0202 0404 0404 0101 0303 0303 0202 0404 0303 0303 0404 0404 0303 0102 0202 0303 0404 0203 0404 0303 0303 0402 0204 0202 0303 0101 0101 0303 0302 0202 0303 0303 0404 0101 0402 0303 0101 0404 0101 0401 0303 0404 0303 0201 0404 0104 0202 0404 
36 , 0101 0404 0101 0101 0101 0202 0404 0202 0404 0103 0303 0401 0302 0201 0404 0101 0303 0404 0401 0203 0102 0301 0404 0203 0404 0102 0101 0404 0101 0202 0401 0404 0202 0404 0104 0101 0202 0302 0202 0404 0303 0302 0401 0404 0303 0101 0202 0303 0404 0302 0204 0303 0303 0202 0404 0202 0301 0301 0101 0303 0303 0204 0103 0202 0403 0201 0404 0303 0101 0404 0101 0101 0301 0404 0303 0201 0101 0401 0204 0404 
37 , 0101 0404 0101 0101 0102 0201 0404 0202 0404 0303 0303 0101 0203 0202 0401 0101 0303 0404 0404 0302 0101 0301 0404 0203 0404 0201 0101 0403 0101 0402 0104 0404 0202 0404 0104 0101 0202 0303 0202 0402 0202 0302 0404 0304 0303 0102 0202 0103 0204 0302 0204 0303 0303 0202 0404 0202 0303 0303 0101 0403 0203 0402 0301 0203 0403 0201 0404 0303 0101 0404 0101 0101 0301 0304 0303 0201 0104 0104 0402 0404 
38 , 0101 0404 0101 0101 0102 0102 0404 0204 0404 0303 0303 0101 0202 0202 0404 0101 0303 0404 0404 0303 0102 0101 0404 0303 0404 0101 0101 0404 0101 0202 0101 0404 0202 0404 0404 0101 0303 0302 0102 0404 0203 0203 0404 0404 0303 0201 0302 0303 0204 0303 0204 0303 0303 0202 0404 0202 0303 0101 0101 0303 0203 0402 0303 0203 0303 0201 0402 0303 0101 0404 0101 0101 0303 0404 0303 0101 0404 0104 0202 0404 
39 , 0101 0204 0101 0101 0101 0202 0404 0202 0403 0303 0302 0101 0303 0202 0104 0101 0303 0404 0104 0303 0101 0301 0104 0203 0404 0102 0101 0404 0101 0202 0101 0404 0202 0304 0404 0101 0302 0303 0202 0404 0303 0203 0401 0403 0101 0101 0202 0303 0404 0202 0202 0303 0403 0202 0404 0202 0303 0101 0101 0303 0203 0204 0303 0302 0303 0101 0404 0303 0101 0404 0101 0401 0303 0304 0303 0101 0404 0404 0202 0101 
40 , 0101 0204 0101 0101 0201 0102 0404 0402 0404 0303 0202 0104 0202 0102 0404 0101 0303 0402 0404 0203 0101 0303 0404 0202 0401 0101 0101 0404 0101 0202 0101 0404 0202 0404 0404 0101 0302 0303 0102 0404 0303 0302 0404 0404 0101 0202 0202 0303 0404 0302 0202 0303 0303 0204 0404 0203 0303 0103 0101 0303 0302 0204 0303 0202 0403 0101 0404 0303 0101 0304 0101 0401 0303 0404 0303 0102 0401 0104 0202 0104 
41 , 0101 0404 0101 0101 0202 0102 0402 0202 0404 0303 0302 0101 0303 0201 0404 0101 0303 0404 0404 0302 0102 0303 0404 0302 0404 0101 0102 0304 0101 0202 0101 0404 0202 0404 0404 0101 0303 0303 0202 0404 0303 0303 0101 0404 0303 0101 0202 0103 0404 0302 0204 0303 0303 0204 0404 0203 0301 0101 0102 0304 0203 0404 0301 0202 0404 0201 0404 0303 0101 0404 0101 0101 0303 0404 0303 0102 0104 0404 0202 0404 
42 , 0101 0204 0103 0101 0102 0101 0404 0204 0304 0103 0303 0401 0303 0201 0404 0104 0303 0404 0101 0303 0101 0301 0404 0302 0404 0101 0201 0404 0104 0202 0101 0402 0202 0304 0101 0101 0202 0303 0202 0404 0303 0203 0401 0404 0301 0202 0202 0101 0204 0202 0404 0303 0303 0202 0404 0302 0101 0101 0101 0403 0202 0404 0303 0202 0304 0201 0404 0303 0101 0404 0101 0401 0101 0404 0303 0101 0401 0404 0204 0404 
43 , 0101 0404 0101 0101 0101 0201 0404 0402 0404 0303 0303 0101 0302 0101 0101 0101 0303 0204 0401 0203 0101 0103 0404 0303 0404 0101 0101 0404 0101 0202 0101 0404 0202 0404 0104 0101 0302 0202 0101 0404 0303 0203 0404 0404 0103 0201 0302 0303 0404 0202 0404 0303 0304 0202 0404 0202 0103 0101 0101 0403 0202 0402 0303 0202 0303 0101 0402 0303 0101 0404 0101 0401 0103 0403 0303 0101 0401 0401 0202 0404 
44 , 0101 0404 0103 0101 0101 0202 0404 0202 0404 0303 0303 0401 0302 0102 0404 0101 0303 0404 0404 0203 0101 0301 0404 0303 0404 0101 0101 0404 0101 0202 0101 0404 0203 0404 0104 0101 0202 0303 0202 0404 0303 0302 0401 0404 0301 0102 0202 0103 0404 0302 0204 0303 0303 0202 0404 0203 0303 0301 0101 0303 0202 0404 0303 0202 0403 0201 0404 0303 0101 0404 0101 0401 0303 0404 0303 0201 0404 0404 0204 0404 
45 , 0101 0404 0103 0101 0201 0202 0404 0202 0404 0303 0303 0104 0302 0202 0404 0101 0303 0404 0404 0302 0101 0103 0404 0203 0404 0101 0101 0403 0401 0202 0101 0404 0202 0304 0404 0101 0202 0203 0202 0404 0302 0203 0401 0404 0103 0202 0203 0101 0404 0202 0204 0203 0303 0404 0404 0202 0103 0103 0101 0303 0203 0404 0303 0202 0303 0101 0404 0303 0101 0304 0201 0101 0303 0404 0303 0201 0404 0404 0202 0101 
46 , 0101 0404 0101 0101 0101 0102 0404 0202 0404 0303 0303 0101 0302 0102 0404 0101 0302 0404 0404 0303 0101 0301 0404 0303 0404 0101 0101 0304 0101 0402 0101 0202 0202 0404 0404 0103 0302 0303 0101 0404 0303 0303 0401 0404 0101 0202 0202 0303 0404 0303 0204 0303 0303 0402 0404 0203 0101 0101 0101 0303 0202 0404 0303 0202 0303 0102 0404 0303 0301 0404 0101 0101 0103 0403 0303 0201 0401 0104 0202 0404 
47 , 0201 0404 0101 0101 0101 0202 0404 0402 0404 0303 0303 0101 0203 0102 0404 0101 0303 0404 0401 0303 0101 0101 0401 0203 0404 0101 0101 0404 0101 0202 0101 0404 0203 0404 0404 0101 0203 0303 0202 0404 0303 0202 0404 0404 0301 0202 0202 0303 0204 0202 0202 0303 0303 0202 0404 0203 0303 0101 0101 0303 0202 0404 0303 0302 0403 0102 0404 0303 0101 0404 0101 0101 0103 0404 0303 0101 0104 0404 0204 0404 
48 , 0102 0404 0101 0103 0201 0102 0404 0202 0404 0303 0303 0101 0303 0101 0401 0101 0303 0404 0401 0303 0201 0301 0401 0203 0404 0101 0102 0304 0101 0204 0401 0404 0202 0403 0404 0101 0203 0203 0101 0404 0303 0302 0104 0404 0303 0201 0302 0303 0402 0302 0404 0303 0304 0202 0404 0203 0303 0103 0101 0403 0202 0404 0303 0203 0303 0202 0404 0303 0101 0404 0101 0101 0103 0403 0303 0101 0101 0404 0402 0401 
49 , 0101 0404 0101 0301 0102 0202 0404 0204 0404 0303 0303 0101 0203 0102 0104 0104 0303 0404 0404 0302 0101 0103 0404 0303 0404 0101 0201 0404 0101 0402 0101 0204 0202 0404 0404 0103 0302 0303 0202 0404 0303 0303 0401 0404 0303 0101 0202 0303 0404 0202 0402 0303 0303 0202 0204 0202 0303 0101 0101 0303 0303 0204 0303 0302 0403 0201 0402 0103 0103 0404 0102 0404 0303 0404 0303 0201 0404 0104 0202 0404 
50 , 0101 0404 0101 0101 0101 0101 0404 0202 0404 0303 0303 0104 0302 0202 0404 0101 0303 0404 0404 0202 0201 0303 0404 0203 0404 0101 0201 0404 0101 0402 0101 0404 0202 0403 0404 0101 0302 0303 0202 0404 0303 0303 0104 0404 0103 0202 0203 0303 0404 0303 0204 0303 0303 0202 0404 0203 0103 0101 0101 0303 0203 0402 0303 0202 0303 0102 0404 0303 0101 0404 0101 0101 0103 0404 0303 0201 0404 0404 0202 0404 
51 , 0101 0404 0101 0101 0102 0201 0404 0204 0404 0303 0303 0401 0302 0101 0404 0101 0303 0404 0104 0303 0202 0301 0404 0303 0404 0202 0101 0304 0401 0202 0101 0404 0302 0404 0404 0101 0203 0302 0102 0404 0303 0302 0101 0403 0101 0101 0202 0303 0404 0303 0402 0303 0303 0402 0404 0202 0303 0101 0201 0303 0303 0202 0303 0302 0303 0201 0402 0103 0301 0404 0101 0401 0303 0403 0303 0201 0104 0404 0202 0404 
52 , 0101 0202 0301 0101 0102 0102 0404 0402 0404 0303 0303 0101 0303 0102 0404 0101 0303 0404 0404 0203 0102 0103 0404 0203 0404 0102 0101 0304 0101 0204 0101 0404 0202 0404 0404 0101 0302 0303 0102 0404 0303 0303 0404 0404 0301 0202 0203 0303 0404 0202 0404 0303 0304 0202 0404 0202 0301 0101 0101 0303 0203 0204 0303 0203 0403 0102 0404 0303 0101 0404 0101 0404 0303 0404 0303 0101 0401 0404 0202 0404 
53 , 0101 0404 0101 0101 0201 0102 0404 0202 0404 0103 0302 0101 0203 0202 0404 0104 0303 0402 0404 0203 0101 0303 0404 0302 0404 0201 0101 0404 0101 0202 0101 0404 0202 0404 0404 0101 0202 0303 0202 0204 0203 0203 0404 0404 0303 0202 0202 0303 0404 0202 0402 0303 0303 0404 0404 0203 0103 0103 0101 0303 0203 0404 0303 0202 0303 0101 0404 0303 0101 0404 0101 0101 0103 0404 0303 0101 0401 0404 0202 0404 
54 , 0101 0404 0301 0301 0201 0102 0404 0402 0404 0303 0303 0101 0303 0102 0104 0101 0303 0404 0404 0203 0102 0101 0404 0303 0404 0101 0101 0304 0101 0202 0101 0404 0202 0304 0404 0101 0303 0302 0102 0402 0303 0203 0401 0404 0301 0101 0302 0303 0404 0202 0204 0303 0303 0402 0404 0202 0301 0101 0201 0303 0303 0404 0303 0202 0303 0102 0404 0303 0101 0404 0101 0101 0303 0404 0303 0101 0404 0104 0204 0101 
55 , 0101 0404 0101 0101 0101 0202 0404 0202 0404 0303 0303 0401 0303 0201 0404 0101 0302 0404 0404 0202 0201 0301 0404 0202 0404 0201 0101 0404 0101 0204 0101 0404 0202 0404 0404 0101 0302 0203 0102 0404 0302 0303 0104 0404 0101 0202 0202 0303 0404 0203 0202 0303 0303 0404 0404 0202 0303 0101 0102 0303 0203 0404 0303 0203 0404 0101 0404 0301 0101 0404 0101 0101 0103 0404 0303 0201 0401 0404 0204 0404 
56 , 0101 0402 0101 0101 0202 0202 0404 0202 0403 0103 0303 0104 0203 0101 0104 0101 0303 0404 0401 0203 0101 0303 0404 0302 0404 0201 0101 0404 0101 0402 0101 0404 0202 0404 0404 0101 0302 0203 0102 0404 0303 0203 0404 0404 0103 0202 0302 0303 0402 0203 0402 0303 0303 0404 0404 0202 0303 0101 0201 0303 0302 0402 0303 0202 0304 0101 0404 0303 0301 0304 0101 0104 0103 0404 0303 0101 0404 0404 0202 0101 
57 , 0101 0404 0101 0101 0201 0101 0404 0204 0404 0303 0203 0101 0203 0101 0101 0101 0303 0402 0404 0203 0101 0101 0104 0303 0404 0101 0101 0404 0101 0202 0401 0404 0202 0404 0104 0101 0303 0203 0202 0404 0303 0203 0404 0404 0103 0202 0202 0303 0404 0202 0202 0303 0404 0204 0402 0202 0301 0103 0101 0304 0202 0404 0303 0203 0303 0202 0404 0303 0101 0404 0101 0101 0303 0404 0303 0201 0404 0104 0202 0404 
58 , 0101 0204 0101 0101 0201 0102 0404 0202 0404 0303 0303 0101 0302 0102 0404 0101 0303 0404 0104 0203 0101 0103 0404 0303 0404 0101 0101 0304 0101 0202 0401 0404 0202 0404 0104 0101 0203 0303 0202 0404 0202 0302 0401 0304 0303 0102 0202 0103 0404 0202 0402 0203 0303 0202 0404 0202 0303 0101 0101 0303 0202 0404 0303 0302 0304 0101 0404 0303 0101 0404 0201 0101 0303 0404 0303 0201 0404 0401 0202 0104 
59 , 0101 0404 0101 0103 0101 0101 0404 0204 0404 0303 0302 0104 0202 0201 0104 0101 0303 0404 0401 0203 0101 0103 0404 0302 0404 0101 0101 0404 0101 0202 0101 0404 0202 0403 0404 0101 0202 0203 0202 0204 0303 0303 0404 0404 0101 0101 0302 0303 0404 0202 0402 0303 0303 0402 0404 0203 0103 0101 0101 0303 0302 0202 0303 0202 0304 0201 0404 0303 0101 0404 0101 0104 0303 0404 0303 0101 0401 0401 0404 0104 
60 , 0101 0204 0101 0101 0102 0102 0404 0204 0404 0303 0303 0101 0203 0102 0404 0101 0303 0404 0404 0303 0101 0103 0404 0303 0404 0101 0101 0303 0101 0202 0101 0404 0202 0404 0104 0101 0303 0303 0202 0404 0303 0303 0101 0403 0303 0101 0202 0303 0404 0202 0202 0303 0303 0202 0404 0302 0303 0101 0101 0303 0303 0404 0303 0202 0303 0201 0402 0303 0101 0404 0101 0101 0103 0404 0303 0101 0404 0404 0202 0104 
61 , 0101 0404 0101 0101 0101 0102 0404 0202 0404 0303 0303 0101 0303 0102 0104 0101 0303 0204 0401 0302 0101 0303 0404 0303 0404 0101 0102 0304 0101 0202 0101 0404 0202 0404 0404 0101 0303 0302 0202 0404 0303 0303 0104 0404 0301 0202 0202 0303 0404 0302 0202 0303 0303 0202 0404 0202 0103 0101 0101 0304 0202 0402 0303 0202 0303 0101 0404 0303 0301 0404 0101 0104 0301 0304 0303 0102 0101 0104 0202 0401 
62 , 0101 0404 0103 0101 0101 0102 0404 0202 0404 0303 0303 0401 0302 0102 0104 0101 0303 0404 0401 0303 0201 0301 0104 0303 0404 0101 0101 0304 0104 0202 0101 0404 0202 0304 0404 0101 0202 0302 0202 0404 0303 0202 0101 0404 0301 0102 0202 0101 0404 0202 0404 0303 0403 0404 0404 0203 0103 0101 0101 0303 0302 0404 0303 0302 0403 0202 0404 0303 0101 0404 0101 0401 0303 0404 0303 0101 0101 0104 0202 0104 
63 , 0101 0402 0101 0301 0102 0202 0404 0404 0404 0103 0303 0101 0302 0102 0404 0101 0303 0404 0404 0302 0101 0301 0404 0202 0404 0102 0101 0404 0101 0202 0101 0404 0302 0403 0104 0101 0302 0303 0102 0404 0303 0302 0104 0403 0303 0101 0202 0303 0404 0202 0402 0302 0303 0202 0402 0202 0103 0101 0101 0303 0202 0404 0303 0203 0304 0102 0404 0303 0101 0404 0101 0401 0303 0404 0403 0102 0404 0404 0202 0104 
64 , 0101 0404 0101 0101 0101 0201 0404 0204 0404 0101 0303 0401 0302 0101 0404 0101 0303 0404 0404 0203 0101 0303 0404 0303 0401 0101 0101 0404 0101 0204 0101 0404 0202 0404 0404 0101 0202 0303 0201 0404 0303 0302 0404 0404 0303 0102 0202 0303 0404 0203 0404 0303 0303 0204 0404 0202 0303 0101 0101 0303 0202 0404 0303 0202 0404 0202 0404 0303 0101 0404 0101 0101 0303 0404 0403 0101 0401 0404 0202 0404 
65 , 0102 0404 0101 0101 0202 0201 0404 0202 0404 0303 0303 0101 0202 0202 0104 0101 0303 0404 0404 0203 0101 0103 0104 0203 0404 0101 0101 0404 0101 0202 0104 0404 0202 0404 0404 0103 0202 0303 0202 0404 0302 0203 0404 0404 0301 0201 0202 0303 0404 0302 0404 0303 0303 0202 0404 0202 0303 0101 0101 0303 0302 0204 0303 0202 0304 0101 0404 0303 0101 0404 0101 0401 0303 0304 0303 0201 0104 0404 0202 0104 
66 , 0101 0402 0101 0101 0101 0102 0204 0202 0404 0303 0303 0104 0303 0202 0404 0101 0303 0404 0104 0303 0101 0301 0404 0303 0404 0101 0201 0404 0101 0202 0101 0204 0203 0404 0401 0101 0302 0303 0202 0404 0202 0302 0101 0403 0303 0202 0202 0303 0404 0302 0404 0303 0303 0402 0404 0202 0103 0101 0101 0303 0302 0404 0303 0202 0304 0201 0404 0303 0101 0404 0201 0401 0103 0404 0303 0101 0104 0401 0402 0101 
67 , 0101 0404 0101 0101 0202 0201 0404 0202 0404 0303 0303 0101 0303 0201 0104 0101 0303 0404 0404 0202 0101 0101 0404 0303 0404 0101 0101 0404 0101 0202 0101 0404 0202 0404 0404 0101 0302 0303 0202 0404 0303 0203 0404 0403 0303 0101 0302 0303 0404 0203 0404 0303 0303 0202 0404 0202 0303 0101 0201 0304 0203 0204 0303 0202 0303 0101 0204 0301 0101 0404 0101 0401 0103 0404 0303 0102 0401 0404 0202 0101 
68 , 0101 0404 0301 0101 0201 0201 0404 0402 0404 0303 0303 0101 0203 0101 0104 0101 0303 0404 0104 0302 0202 0101 0401 0203 0404 0101 0102 0404 0101 0202 0104 0404 0202 0404 0404 0101 0202 0303 0202 0404 0303 0303 0401 0404 0101 0202 0202 0303 0404 0203 0404 0303 0303 0202 0404 0202 0101 0303 0101 0303 0302 0404 0303 0302 0303 0201 0404 0303 0101 0404 0101 0101 0301 0404 0303 0101 0101 0401 0202 0104 
69 , 0101 0404 0101 0101 0201 0101 0404 0204 0404 0303 0303 0101 0203 0102 0401 0101 0303 0404 0401 0302 0101 0101 0404 0303 0404 0101 0102 0304 0101 0202 0101 0404 0202 0404 0404 0101 0302 0303 0202 0404 0302 0302 0101 0404 0303 0102 0202 0103 0404 0302 0202 0302 0303 0202 0404 0202 0101 0101 0101 0304 0303 0404 0303 0203 0404 0201 0404 0303 0101 0404 0101 0101 0301 0304 0303 0101 0104 0101 0402 0404 
70 , 0101 0404 0101 0101 0201 0201 0404 0202 0404 0103 0203 0401 0203 0101 0404 0101 0303 0404 0401 0303 0201 0301 0404 0203 0404 0102 0101 0404 0101 0202 0101 0402 0202 0404 0401 0101 0303 0303 0202 0404 0303 0303 0404 0404 0303 0102 0202 0303 0404 0202 0402 0203 0303 0402 0404 0202 0303 0101 0101 0303 0202 0402 0303 0202 0303 0101 0404 0303 0101 0403 0101 0101 0303 0404 0403 0201 0404 0404 0202 0101 
71 , 0101 0404 0103 0101 0101 0202 0404 0404 0403 0303 0303 0101 0203 0101 0404 0101 0302 0404 0104 0303 0102 0301 0404 0303 0404 0101 0101 0404 0101 0202 0101 0404 0202 0404 0404 0101 0203 0303 0202 0404 0303 0302 0404 0404 0103 0202 0202 0303 0404 0202 0202 0303 0303 0202 0204 0202 0303 0103 0101 0403 0302 0204 0303 0203 0303 0102 0404 0303 0101 0404 0201 0104 0303 0404 0304 0101 0404 0104 0202 0101 
72 , 0101 0404 0301 0101 0202 0102 0404 0204 0403 0303 0303 0401 0203 0202 0404 0101 0303 0404 0104 0302 0101 0103 0404 0203 0404 0101 0101 0404 0104 0402 0101 0404 0202 0404 0404 0101 0302 0303 0201 0404 0303 0203 0401 0403 0301 0101 0202 0303 0404 0202 0402 0303 0303 0202 0404 0202 0303 0101 0101 0303 0203 0404 0103 0202 0303 0101 0404 0303 0101 0404 0101 0101 0303 0404 0303 0201 0104 0404 0202 0104 
73 , 0201 0204 0103 0101 0201 0202 0404 0204 0403 0303 0303 0101 0303 0201 0404 0101 0303 0404 0401 0303 0101 0101 0404 0303 0404 0101 0101 0404 0101 0404 0404 0404 0202 0404 0104 0101 0302 0303 0202 0404 0303 0302 0404 0404 0303 0202 0202 0303 0404 0202 0404 0303 0303 0202 0404 0203 0303 0103 0101 0303 0303 0402 0103 0202 0303 0101 0404 0303 0101 0404 0101 0101 0303 0404 0304 0201 0404 0404 0202 0401 
74 , 0101 0402 0101 0101 0101 0101 0404 0404 0404 0303 0303 0101 0303 0102 0101 0101 0303 0404 0404 0303 0101 0101 0401 0302 0404 0101 0101 0304 0101 0202 0101 0404 0202 0404 0404 0101 0203 0202 0201 0404 0203 0303 0404 0404 0301 0102 0302 0303 0404 0302 0404 0303 0303 0402 0404 0202 0103 0101 0102 0303 0203 0204 0303 0302 0303 0202 0402 0303 0101 0404 0101 0101 0301 0404 0304 0102 0404 0101 0402 0104 
75 , 0101 0404 0301 0101 0201 0101 0404 0204 0404 0303 0303 0101 0202 0202 0101 0101 0303 0402 0104 0302 0101 0301 0404 0202 0404 0101 0101 0404 0101 0402 0101 0404 0202 0404 0404 0101 0303 0303 0202 0404 0303 0302 0404 0404 0301 0102 0202 0303 0404 0202 0202 0303 0304 0202 0402 0202 0303 0103 0101 0303 0303 0404 0303 0203 0303 0101 0404 0303 0101 0404 0101 0104 0303 0404 0303 0201 0104 0404 0202 0404 
76 , 0101 0404 0101 0101 0101 0102 0404 0204 0404 0303 0303 0104 0303 0201 0101 0401 0303 0404 0404 0303 0201 0303 0404 0303 0404 0101 0101 0404 0101 0202 0101 0204 0202 0404 0404 0101 0303 0303 0201 0404 0203 0202 0404 0404 0303 0102 0202 0303 0404 0203 0404 0303 0303 0202 0404 0202 0301 0101 0101 0303 0202 0204 0103 0203 0304 0201 0404 0303 0101 0404 0101 0401 0103 0404 0303 0101 0104 0404 0202 0104 
77 , 0101 0404 0101 0101 0101 0202 0404 0204 0404 0301 0303 0101 0303 0202 0404 0101 0303 0404 0401 0302 0202 0101 0404 0203 0404 0101 0101 0404 0101 0204 0101 0404 0202 0404 0404 0101 0202 0203 0102 0404 0302 0303 0404 0404 0103 0102 0202 0303 0404 0203 0204 0303 0303 0204 0404 0203 0103 0101 0101 0303 0302 0404 0303 0202 0304 0102 0404 0303 0101 0404 0101 0101 0303 0404 0303 0102 0404 0104 0202 0404 
78 , 0101 0404 0101 0101 0101 0202 0404 0202 0404 0303 0203 0404 0203 0102 0104 0101 0303 0404 0404 0303 0101 0101 0404 0303 0404 0102 0101 0304 0101 0202 0401 0402 0202 0403 0404 0101 0302 0303 0102 0404 0303 0303 0404 0404 0303 0202 0203 0303 0404 0202 0404 0303 0303 0202 0404 0203 0103 0101 0101 0304 0203 0202 0303 0303 0303 0202 0404 0303 0101 0404 0101 0101 0301 0404 0303 0101 0401 0404 0202 0401 
79 , 0101 0204 0101 0101 0201 0102 0404 0204 0404 0303 0302 0404 0303 0101 0104 0101 0303 0404 0404 0203 0201 0303 0404 0303 0404 0101 0101 0304 0101 0202 0104 0404 0202 0303 0401 0101 0302 0303 0102 0404 0303 0303 0101 0404 0303 0102 0202 0103 0404 0302 0204 0302 0304 0402 0404 0202 0101 0101 0101 0303 0302 0404 0303 0302 0304 0201 0404 0301 0101 0403 0101 0101 0303 0404 0303 0101 0104 0101 0202 0101 
80 , 0201 0404 0101 0301 0101 0202 0404 0202 0404 0303 0302 0101 0302 0102 0104 0101 0303 0404 0104 0303 0101 0301 0404 0302 0404 0101 0101 0303 0101 0202 0401 0404 0202 0404 0404 0101 0302 0303 0202 0404 0202 0303 0404 0404 0101 0202 0203 0303 0404 0203 0404 0303 0404 0402 0404 0302 0303 0101 0101 0303 0303 0402 0303 0203 0303 0202 0404 0303 0103 0404 0101 0401 0303 0404 0403 0101 0401 0101 0202 0404 
81 , 0101 0402 0103 0101 0102 0201 0404 0202 0403 0301 0303 0101 0303 0202 0404 0101 0303 0404 0104 0203 0102 0103 0404 0303 0404 0101 0101 0304 0101 0204 0101 0404 0202 0404 0404 0101 0203 0303 0202 0404 0302 0203 0404 0404 0101 0102 0202 0301 0404 0302 0404 0303 0303 0202 0404 0203 0103 0101 0101 0303 0202 0202 0303 0202 0303 0201 0404 0303 0101 0404 0101 0401 0303 0404 0303 0101 0404 0104 0202 0104 
82 , 0202 0404 0101 0101 0102 0102 0404 0202 0404 0303 0303 0101 0303 0202 0401 0401 0303 0404 0401 0303 0201 0303 0404 0303 0404 0101 0101 0304 0401 0202 0101 0404 0203 0304 0404 0101 0203 0302 0201 0404 0203 0203 0404 0404 0301 0202 0203 0303 0404 0203 0402 0303 0303 0402 0404 0202 0103 0101 0101 0303 0202 0202 0303 0203 0303 0101 0404 0303 0101 0404 0101 0104 0101 0404 0303 0101 0401 0104 0402 0404 
83 , 0101 0404 0101 0101 0101 0102 0402 0204 0404 0303 0303 0101 0303 0202 0104 0101 0203 0404 0401 0302 0201 0103 0404 0303 0404 0101 0101 0404 0101 0202 0101 0404 0202 0404 0404 0101 0303 0303 0202 0402 0303 0302 0104 0404 0303 0201 0202 0303 0404 0303 0404 0303 0304 0402 0404 0202 0303 0101 0101 0303 0202 0202 0303 0303 0303 0102 0404 0301 0101 0404 0101 0104 0303 0403 0303 0202 0101 0404 0202 0401 
84 , 0101 0204 0101 0101 0101 0101 0404 0202 0404 0303 0303 0101 0303 0102 0404 0101 0303 0404 0404 0302 0201 0303 0404 0203 0404 0101 0101 0404 0101 0402 0101 0204 0202 0403 0404 0101 0303 0303 0202 0404 0303 0303 0404 0404 0103 0101 0202 0303 0404 0303 0202 0303 0303 0202 0404 0202 0103 0101 0101 0303 0203 0404 0303 0202 0404 0101 0404 0303 0101 0404 0101 0101 0103 0404 0303 0202 0101 0401 0202 0404 
85 , 0101 0404 0101 0101 0101 0102 0404 0202 0404 0303 0303 0101 0303 0102 0404 0101 0303 0404 0401 0303 0102 0103 0404 0303 0404 0102 0101 0404 0101 0202 0101 0404 0202 0404 0404 0101 0203 0302 0202 0402 0302 0202 0401 0404 0101 0202 0302 0303 0402 0202 0202 0303 0303 0202 0404 0202 0303 0101 0101 0303 0303 0404 0303 0302 0303 0101 0404 0303 0101 0304 0101 0101 0101 0404 0303 0101 0101 0401 0204 0104 
86 , 0101 0402 0101 0101 0101 0102 0404 0402 0304 0303 0303 0101 0202 0102 0404 0401 0303 0404 0104 0303 0101 0303 0404 0303 0404 0101 0101 0303 0101 0202 0101 0404 0202 0404 0404 0101 0202 0303 0102 0404 0203 0303 0104 0404 0303 0101 0202 0303 0402 0302 0402 0302 0303 0204 0404 0202 0303 0101 0201 0303 0302 0402 0303 0203 0303 0202 0404 0303 0101 0404 0201 0104 0101 0404 0303 0101 0104 0401 0202 0104 
87 , 0101 0402 0101 0101 0101 0101 0404 0202 0404 0303 0303 0101 0203 0101 0104 0101 0303 0204 0404 0303 0101 0101 0401 0302 0404 0101 0101 0304 0101 0202 0101 0404 0202 0404 0404 0101 0303 0303 0202 0404 0303 0302 0404 0404 0303 0202 0202 0303 0404 0303 0204 0303 0303 0202 0404 0202 0103 0101 0101 0303 0302 0402 0301 0202 0304 0201 0402 0303 0101 0404 0101 0101 0303 0403 0303 0101 0104 0404 0402 0404 
88 , 0101 0404 0101 0101 0201 0201 0404 0202 0404 0303 0303 0101 0302 0201 0104 0101 0303 0404 0104 0303 0101 0103 0404 0302 0404 0101 0101 0403 0101 0202 0101 0404 0202 0404 0404 0101 0303 0303 0202 0404 0303 0303 0104 0404 0103 0201 0202 0303 0404 0302 0204 0303 0303 0204 0404 0202 0301 0101 0101 0403 0203 0202 0303 0203 0304 0102 0404 0303 0101 0404 0101 0101 0303 0304 0303 0101 0401 0404 0204 0404 
89 , 0101 0204 0103 0101 0101 0202 0204 0202 0404 0303 0203 0104 0203 0202 0104 0101 0303 0204 0404 0302 0101 0303 0404 0303 0404 0101 0101 0404 0101 0202 0101 0404 0302 0404 0404 0101 0202 0303 0202 0404 0202 0303 0401 0404 0303 0202 0203 0303 0404 0202 0202 0302 0303 0202 0404 0202 0303 0103 0101 0303 0302 0204 0303 0202 0303 0101 0404 0303 0101 0404 0101 0101 0303 0404 0303 0201 0404 0404 0202 0404 
90 , 0102 0404 0101 0101 0102 0201 0404 0202 0404 0303 0303 0101 0303 0202 0401 0101 0303 0404 0404 0303 0101 0103 0404 0303 0404 0201 0102 0404 0101 0404 0104 0204 0202 0404 0404 0103 0302 0303 0202 0404 0303 0303 0104 0404 0301 0102 0302 0303 0404 0302 0404 0303 0303 0204 0404 0202 0303 0101 0101 0303 0202 0404 0301 0202 0404 0101 0404 0303 0101 0404 0101 0401 0103 0404 0303 0101 0404 0104 0202 0404 
91 , 0101 0404 0101 0101 0102 0201 0404 0202 0404 0303 0303 0101 0303 0102 0404 0101 0303 0404 0101 0302 0102 0103 0404 0303 0404 0101 0101 0403 0101 0202 0101 0404 0202 0404 0404 0101 0202 0303 0102 0404 0303 0203 0404 0403 0103 0202 0202 0303 0404 0202 0202 0303 0303 0202 0404 0202 0303 0101 0101 0303 0303 0204 0303 0302 0403 0101 0404 0303 0101 0404 0101 0101 0103 0404 0303 0102 0401 0404 0202 0404 
92 , 0101 0404 0101 0101 0101 0201 0404 0202 0404 0303 0302 0104 0303 0101 0401 0104 0303 0404 0104 0203 0102 0103 0404 0303 0401 0201 0101 0404 0101 0202 0104 0402 0202 0404 0404 0101 0202 0303 0202 0404 0303 0303 0404 0404 0303 0101 0202 0301 0404 0202 0404 0303 0303 0402 0404 0202 0103 0101 0101 0303 0202 0202 0303 0202 0304 0202 0404 0303 0101 0404 0101 0401 0303 0404 0303 0101 0401 0104 0402 0104 
93 , 0101 0404 0101 0101 0101 0202 0404 0202 0404 0303 0303 0101 0203 0202 0104 0101 0303 0404 0401 0203 0202 0101 0404 0203 0404 0201 0101 0404 0101 0202 0101 0404 0202 0304 0404 0103 0202 0303 0201 0404 0303 0203 0404 0404 0103 0202 0202 0301 0404 0303 0204 0303 0303 0202 0404 0203 0303 0101 0101 0404 0202 0204 0303 0303 0304 0102 0404 0303 0101 0404 0101 0401 0303 0304 0304 0101 0101 0404 0202 0104 
94 , 0101 0404 0101 0101 0101 0101 0404 0202 0404 0301 0303 0101 0303 0202 0404 0101 0303 0404 0404 0303 0101 0301 0404 0303 0404 0101 0101 0404 0101 0204 0101 0404 0202 0404 0404 0101 0302 0303 0201 0204 0203 0303 0101 0404 0301 0202 0202 0303 0404 0302 0404 0303 0303 0202 0404 0202 0303 0301 0101 0303 0302 0404 0303 0203 0404 0202 0404 0303 0101 0404 0101 0401 0303 0404 0303 0101 0104 0404 0202 0101 
95 , 0101 0402 0101 0101 0102 0102 0404 0402 0403 0303 0302 0104 0202 0201 0104 0101 0303 0404 0404 0303 0201 0303 0404 0302 0404 0101 0101 0304 0101 0202 0401 0204 0302 0404 0104 0101 0202 0303 0202 0404 0303 0203 0404 0404 0103 0101 0202 0303 0404 0203 0402 0303 0303 0202 0404 0202 0103 0101 0102 0303 0203 0202 0303 0202 0304 0101 0404 0303 0101 0404 0101 0104 0103 0304 0303 0201 0404 0104 0202 0401 
96 , 0102 0402 0101 0101 0102 0202 0404 0204 0404 0303 0303 0401 0303 0102 0104 0101 0303 0404 0401 0302 0201 0101 0404 0203 0401 0102 0101 0304 0101 0202 0401 0404 0202 0403 0404 0101 0202 0303 0202 0404 0303 0303 0404 0404 0103 0202 0202 0303 0404 0202 0402 0302 0303 0202 0404 0203 0103 0101 0101 0303 0302 0402 0303 0203 0304 0202 0404 0303 0101 0404 0101 0101 0303 0404 0303 0102 0404 0401 0202 0404 
97 , 0101 0404 0101 0101 0101 0201 0404 0202 0404 0303 0303 0101 0303 0202 0101 0101 0303 0404 0104 0203 0101 0101 0404 0303 0401 0201 0101 0404 0101 0202 0101 0404 0202 0404 0404 0101 0202 0202 0202 0404 0303 0202 0404 0404 0303 0101 0202 0303 0404 0203 0202 0303 0304 0402 0404 0202 0303 0103 0101 0303 0203 0404 0303 0202 0303 0201 0404 0303 0101 0404 0101 0401 0301 0404 0303 0101 0401 0101 0202 0404 
98 , 0101 0404 0101 0101 0101 0101 0404 0202 0404 0303 0303 0101 0203 0201 0104 0101 0303 0404 0404 0203 0101 0103 0401 0303 0401 0101 0101 0304 0101 0204 0401 0404 0202 0404 0404 0101 0303 0202 0202 0404 0303 0302 0404 0404 0301 0202 0302 0303 0404 0302 0202 0303 0403 0402 0402 0202 0303 0101 0201 0303 0303 0404 0103 0202 0304 0202 0204 0303 0101 0404 0101 0101 0103 0404 0303 0101 0401 0101 0202 0101 
99 , 0101 0404 0103 0301 0101 0202 0404 0204 0404 0303 0203 0101 0303 0102 0404 0101 0303 0404 0404 0303 0101 0303 0401 0203 0404 0101 0102 0304 0101 0402 0101 0404 0202 0404 0404 0101 0203 0203 0201 0404 0302 0303 0404 0404 0303 0202 0203 0303 0404 0202 0204 0303 0304 0202 0404 0202 0303 0101 0101 0303 0303 0204 0103 0202 0403 0101 0404 0303 0101 0404 0101 0101 0301 0404 0303 0102 0404 0401 0202 0404 
100 , 0201 0404 0101 0101 0201 0202 0404 0202 0404 0301 0303 0101 0303 0201 0404 0401 0303 0404 0404 0302 0201 0301 0404 0302 0404 0101 0101 0304 0101 0202 0101 0402 0202 0304 0404 0101 0303 0303 0201 0404 0203 0203 0104 0304 0303 0102 0202 0303 0404 0203 0204 0303 0303 0202 0404 0202 0101 0101 0101 0304 0203 0202 0301 0202 0303 0101 0404 0303 0101 0404 0101 0101 0303 0404 0303 0101 0404 0101 0202 0404 
