Generated genotype output
1
2
3
4
5
6
7
8
9
10
11
12
13
14
15
16
17
18
19
20
21
22
23
24
25
26
27
28
29
30
31
32
33
34
35
36
37
38
39
40
41
42
43
44
45
46
47
48
49
50
51
52
53
54
55
56
57
58
59
60
61
62
63
64
65
66
67
68
69
70
71
72
73
74
75
76
77
78
79
80
81
82
83
84
85
86
87
88
89
90
91
92
93
94
95
96
97
98
99
100
101
102
103
104
105
106
107
108
109
110
111
112
113
114
115
116
117
118
119
120
121
122
123
124
125
126
127
128
129
130
131
132
133
134
135
136
137
138
139
140
141
142
143
144
145
146
147
148
149
150
151
152
153
154
155
156
157
158
159
160
Pop
1 , 0404 0101 0301 0404 0101 0403 0204 0101 0101 0103 0403 0104 0102 0001 0103 0402 0200 0404 0404 0104 0400 0402 0104 0203 0101 0201 0104 0301 0200 0401 0303 0303 0201 0004 0201 0302 0201 0201 0202 0402 0103 0104 0102 0402 0404 0301 0000 0103 0204 0400 0100 0203 0302 0201 0304 0102 0302 0401 0202 0002 0402 0301 0303 0103 0203 0403 0203 0201 0403 0104 0203 0004 0202 0202 0102 0202 0203 0201 0401 0204 0401 0201 0301 0404 0004 0403 0204 0102 0101 0103 0203 0404 0102 0301 0203 0002 0202 0404 0404 0104 0401 0402 0103 0203 0101 0001 0103 0301 0204 0401 0303 0403 0201 0404 0204 0301 0204 0201 0202 0402 0103 0104 0102 0402 0404 0301 0102 0103 0204 0204 0103 0200 0202 0201 0304 0102 0302 0402 0002 0002 0102 0301 0303 0103 0203 0203 0203 0101 0403 0100 0203 0204 0202 0202 0100 0202 0003 0201 0301 0204
2 , 0401 0201 0301 0404 0001 0403 0202 0101 0101 0103 0200 0104 0002 0301 0203 0400 0202 0404 0404 0104 0403 0402 0103 0203 0104 0001 0004 0001 0204 0400 0303 0403 0202 0404 0204 0302 0200 0201 0202 0400 0103 0104 0102 0402 0204 0301 0102 0003 0204 0404 0102 0203 0202 0101 0304 0102 0302 0401 0202 0400 0102 0301 0303 0103 0200 0003 0203 0101 0402 0104 0203 0204 0200 0202 0102 0200 0003 0201 0401 0204 0102 0201 0301 0204 0401 0402 0204 0201 0101 0103 0203 0104 0102 0001 0204 0402 0002 0404 0404 0104 0001 0404 0100 0203 0101 0201 0104 0301 0204 0401 0301 0402 0201 0204 0204 0302 0204 0201 0002 0402 0103 0104 0102 0402 0004 0301 0302 0103 0204 0404 0102 0203 0302 0201 0304 0002 0302 0401 0202 0402 0102 0301 0303 0103 0203 0200 0000 0101 0403 0104 0100 0204 0202 0200 0004 0000 0200 0201 0401 0004
3 , 0001 0201 0000 0404 0101 0401 0304 0101 0400 0100 0203 0104 0102 0100 0202 0402 0002 0404 0101 0104 0401 0402 0103 0203 0303 0201 0103 0301 0204 0402 0303 0403 0203 0402 0200 0302 0201 0201 0202 0000 0103 0104 0102 0402 0404 0301 0102 0100 0200 0004 0102 0203 0302 0201 0304 0102 0302 0400 0202 0402 0102 0301 0303 0103 0203 0202 0202 0301 0403 0104 0203 0204 0201 0002 0100 0202 0203 0201 0400 0200 0301 0201 0301 0401 0201 0403 0204 0101 0101 0103 0203 0104 0102 0302 0203 0402 0202 0404 0404 0104 0401 0002 0103 0203 0301 0201 0100 0301 0204 0400 0303 0403 0203 0302 0200 0300 0201 0201 0202 0402 0100 0104 0000 0402 0400 0301 0102 0103 0204 0304 0102 0203 0002 0201 0004 0102 0302 0401 0302 0402 0102 0300 0303 0000 0203 0203 0203 0101 0403 0204 0203 0204 0204 0202 0103 0203 0203 0201 0401 0204
4 , 0401 0201 0301 0404 0301 0403 0202 0101 0101 0103 0203 0104 0102 0301 0203 0400 0202 0404 0404 0104 0400 0402 0103 0203 0101 0200 0104 0001 0204 0401 0303 0403 0201 0404 0204 0302 0201 0201 0002 0002 0103 0104 0101 0002 0404 0301 0102 0103 0004 0404 0001 0404 0300 0203 0304 0202 0302 0404 0202 0402 0103 0300 0303 0103 0203 0000 0203 0101 0403 0104 0203 0204 0102 0202 0102 0202 0200 0201 0201 0204 0401 0201 0300 0300 0101 0400 0304 0101 0401 0103 0003 0004 0102 0301 0203 0002 0202 0404 0204 0104 0001 0400 0403 0203 0101 0201 0104 0301 0204 0401 0004 0403 0000 0400 0204 0102 0201 0201 0002 0404 0103 0100 0102 0402 0404 0001 0102 0103 0204 0404 0102 0203 0301 0200 0004 0002 0302 0401 0202 0404 0102 0301 0403 0103 0403 0203 0003 0101 0403 0104 0200 0104 0202 0200 0202 0002 0200 0201 0401 0404
5 , 0001 0201 0301 0400 0101 0403 0200 0100 0001 0103 0203 0104 0103 0301 0203 0402 0202 0404 0403 0104 0401 0002 0103 0200 0104 0201 0304 0301 0204 0401 0303 0403 0201 0404 0202 0302 0201 0201 0200 0402 0103 0104 0102 0402 0404 0301 0102 0103 0204 0404 0002 0200 0302 0201 0304 0102 0302 0401 0202 0401 0102 0300 0300 0103 0203 0200 0200 0202 0403 0004 0203 0204 0202 0202 0102 0202 0203 0200 0401 0204 0401 0201 0301 0204 0001 0103 0200 0101 0101 0103 0204 0104 0102 0000 0303 0104 0202 0404 0404 0102 0401 0402 0103 0203 0101 0202 0104 0301 0404 0401 0301 0003 0201 0304 0204 0302 0201 0201 0203 0402 0103 0004 0402 0400 0404 0301 0101 0103 0204 0403 0202 0203 0302 0201 0204 0102 0002 0401 0202 0402 0102 0001 0300 0203 0203 0203 0001 0101 0400 0104 0203 0004 0202 0202 0102 0202 0203 0101 0401 0204
6 , 0401 0201 0103 0404 0101 0403 0204 0101 0100 0103 0203 0104 0102 0301 0200 0002 0200 0400 0404 0104 0001 0402 0101 0203 0101 0201 0104 0301 0204 0401 0303 0403 0201 0400 0004 0302 0201 0201 0202 0402 0104 0004 0102 0302 0404 0301 0102 0403 0204 0400 0102 0203 0002 0201 0304 0102 0302 0401 0202 0402 0102 0301 0303 0103 0203 0003 0201 0101 0403 0104 0203 0200 0202 0202 0102 0202 0203 0201 0400 0200 0401 0201 0301 0004 0101 0403 0202 0100 0101 0103 0003 0104 0100 0301 0203 0402 0002 0404 0404 0104 0401 0402 0103 0203 0101 0201 0104 0301 0204 0404 0300 0400 0202 0404 0204 0302 0201 0201 0202 0002 0103 0104 0102 0402 0204 0301 0102 0104 0204 0404 0102 0203 0202 0201 0304 0102 0302 0401 0202 0402 0102 0301 0103 0103 0200 0203 0203 0101 0402 0104 0203 0202 0202 0202 0102 0102 0403 0204 0401 0204
7 , 0401 0201 0300 0404 0301 0303 0204 0101 0100 0203 0202 0004 0202 0301 0200 0402 0202 0404 0404 0304 0401 0402 0103 0303 0101 0200 0102 0301 0200 0401 0303 0403 0201 0404 0204 0102 0201 0200 0302 0402 0104 0104 0101 0402 0404 0301 0202 0103 0200 0404 0102 0203 0302 0203 0304 0102 0302 0401 0002 0402 0102 0301 0303 0103 0203 0203 0201 0101 0403 0104 0203 0204 0202 0202 0102 0202 0203 0201 0401 0104 0401 0201 0300 0404 0101 0403 0204 0101 0100 0103 0203 0104 0002 0301 0203 0402 0200 0404 0404 0304 0401 0002 0103 0203 0101 0201 0104 0301 0200 0000 0303 0400 0201 0404 0200 0302 0202 0001 0200 0402 0003 0104 0102 0402 0004 0301 0102 0103 0204 0404 0102 0203 0300 0001 0304 0100 0302 0401 0202 0002 0102 0001 0003 0103 0203 0203 0203 0101 0403 0104 0203 0204 0202 0202 0102 0202 0003 0201 0404 0202
8 , 0401 0201 0301 0404 0101 0403 0004 0201 0101 0103 0203 0103 0100 0001 0202 0002 0202 0404 0403 0104 0401 0004 0103 0203 0101 0001 0104 0400 0204 0400 0303 0003 0201 0001 0204 0302 0200 0203 0202 0402 0103 0004 0103 0402 0404 0101 0002 0103 0200 0404 0102 0203 0300 0001 0304 0104 0302 0401 0202 0402 0102 0000 0303 0100 0202 0203 0203 0001 0003 0104 0203 0004 0202 0202 0002 0202 0203 0201 0401 0204 0401 0201 0304 0400 0101 0303 0004 0101 0101 0101 0203 0104 0102 0001 0003 0402 0202 0404 0104 0104 0001 0002 0103 0003 0001 0200 0104 0301 0204 0400 0302 0403 0401 0404 0200 0302 0201 0201 0202 0402 0103 0004 0102 0400 0404 0300 0102 0400 0304 0004 0102 0203 0302 0201 0304 0102 0302 0401 0200 0302 0102 0301 0303 0103 0003 0203 0303 0401 0403 0104 0004 0200 0302 0202 0102 0202 0203 0201 0404 0404
9 , 0401 0201 0301 0400 0101 0403 0200 0101 0101 0003 0203 0000 0102 0301 0204 0402 0202 0404 0404 0104 0401 0402 0103 0003 0101 0201 0104 0301 0204 0401 0303 0403 0200 0404 0204 0302 0200 0201 0202 0402 0103 0104 0102 0402 0404 0301 0100 0100 0204 0204 0003 0200 0302 0001 0300 0102 0302 0401 0202 0402 0102 0300 0303 0103 0203 0203 0203 0101 0403 0104 0203 0204 0200 0202 0102 0202 0203 0201 0301 0004 0401 0101 0301 0404 0001 0003 0204 0101 0101 0203 0203 0200 0402 0301 0003 0402 0002 0404 0404 0002 0401 0402 0103 0003 0101 0201 0103 0401 0204 0401 0304 0403 0401 0404 0200 0302 0003 0201 0202 0402 0303 0100 0102 0402 0404 0301 0101 0103 0201 0404 0102 0003 0302 0201 0304 0102 0302 0401 0204 0402 0102 0301 0303 0103 0203 0203 0203 0101 0403 0204 0203 0204 0202 0200 0000 0204 0203 0201 0400 0204
10 , 0401 0203 0300 0404 0100 0003 0204 0401 0101 0103 0103 0104 0102 0301 0003 0402 0202 0404 0004 0304 0302 0400 0103 0200 0001 0001 0104 0301 0204 0401 0303 0003 0201 0402 0204 0002 0201 0201 0202 0402 0100 0104 0102 0401 0003 0401 0402 0103 0204 0404 0102 0203 0302 0204 0304 0102 0302 0401 0202 0402 0102 0201 0303 0403 0203 0203 0203 0101 0403 0004 0203 0204 0202 0202 0100 0202 0203 0201 0401 0204 0401 0201 0301 0104 0101 0403 0204 0104 0001 0103 0200 0104 0302 0301 0203 0402 0202 0404 0404 0100 0401 0402 0203 0203 0101 0202 0204 0001 0004 0001 0403 0404 0201 0404 0200 0302 0201 0000 0102 0302 0103 0104 0102 0402 0004 0301 0102 0103 0004 0004 0102 0203 0302 0201 0304 0102 0302 0401 0201 0404 0102 0101 0303 0103 0203 0203 0203 0101 0403 0104 0204 0204 0202 0202 0102 0202 0303 0201 0401 0201
11 , 0400 0201 0301 0404 0100 0403 0204 0101 0101 0103 0202 0104 0102 0304 0203 0402 0202 0404 0404 0104 0401 0402 0103 0203 0101 0001 0104 0303 0204 0401 0303 0404 0201 0404 0204 0302 0201 0001 0204 0402 0400 0104 0102 0402 0404 0301 0100 0000 0201 0404 0102 0303 0302 0201 0304 0102 0302 0401 0202 0402 0102 0201 0303 0103 0203 0202 0203 0101 0402 0104 0203 0204 0202 0204 0102 0202 0203 0201 0101 0004 0401 0201 0301 0404 0101 0403 0104 0101 0101 0003 0203 0203 0102 0301 0203 0400 0202 0404 0404 0104 0401 0402 0103 0203 0101 0201 0004 0303 0104 0401 0303 0403 0201 0101 0204 0302 0204 0201 0202 0402 0103 0204 0102 0402 0404 0301 0102 0102 0204 0004 0102 0003 0302 0200 0304 0104 0202 0401 0202 0302 0102 0101 0303 0103 0202 0203 0203 0101 0403 0104 0303 0204 0202 0202 0102 0202 0203 0201 0400 0104
12 , 0401 0001 0301 0404 0101 0403 0204 0101 0101 0303 0203 0104 0103 0001 0003 0402 0202 0404 0204 0304 0401 0402 0003 0203 0101 0201 0104 0104 0204 0401 0203 0203 0201 0404 0004 0302 0201 0201 0202 0402 0201 0104 0102 0402 0404 0402 0102 0103 0204 0404 0102 0203 0302 0201 0300 0102 0302 0400 0200 0402 0100 0301 0300 0103 0203 0203 0303 0101 0403 0102 0203 0204 0202 0202 0102 0302 0203 0201 0401 0000 0402 0201 0300 0404 0101 0403 0204 0001 0101 0103 0301 0104 0100 0001 0203 0402 0202 0004 0404 0104 0401 0002 0103 0203 0101 0201 0104 0301 0204 0401 0303 0403 0200 0404 0204 0300 0201 0001 0200 0402 0003 0104 0100 0200 0404 0303 0102 0100 0204 0404 0104 0203 0302 0201 0204 0102 0302 0001 0002 0402 0102 0301 0303 0103 0003 0203 0203 0101 0403 0203 0203 0204 0302 0002 0102 0200 0203 0201 0401 0004
13 , 0401 0201 0301 0404 0100 0403 0204 0101 0001 0103 0200 0104 0102 0301 0203 0402 0202 0400 0404 0104 0401 0402 0003 0203 0101 0201 0100 0300 0204 0401 0303 0403 0201 0404 0200 0302 0201 0200 0302 0402 0002 0100 0102 0402 0404 0301 0102 0103 0204 0004 0002 0200 0302 0201 0304 0101 0302 0400 0202 0003 0102 0300 0303 0103 0203 0203 0203 0101 0402 0102 0203 0204 0202 0202 0102 0202 0203 0201 0401 0204 0201 0201 0301 0404 0101 0401 0204 0101 0101 0103 0203 0400 0102 0001 0203 0401 0202 0004 0404 0100 0401 0402 0103 0202 0101 0200 0104 0300 0004 0401 0303 0403 0001 0404 0204 0302 0201 0201 0202 0402 0103 0004 0102 0402 0400 0001 0102 0103 0200 0404 0102 0203 0301 0201 0004 0102 0302 0401 0202 0402 0102 0301 0303 0103 0303 0103 0203 0100 0403 0104 0203 0204 0202 0202 0100 0202 0203 0201 0002 0204
14 , 0401 0202 0301 0404 0101 0403 0204 0001 0101 0103 0203 0204 0002 0301 0203 0402 0203 0404 0004 0104 0401 0402 0103 0203 0001 0002 0104 0301 0204 0401 0303 0403 0201 0404 0204 0302 0400 0000 0002 0000 0103 0100 0101 0404 0004 0301 0102 0103 0201 0404 0104 0200 0302 0201 0304 0102 0302 0403 0002 0400 0102 0301 0303 0103 0203 0303 0203 0001 0403 0100 0203 0204 0203 0200 0102 0202 0200 0201 0101 0204 0401 0201 0300 0004 0100 0403 0204 0101 0001 0103 0203 0004 0102 0301 0203 0402 0200 0104 0404 0104 0404 0402 0103 0203 0101 0201 0104 0001 0204 0401 0303 0000 0201 0404 0204 0302 0001 0400 0202 0102 0103 0104 0402 0402 0404 0301 0102 0104 0204 0403 0002 0200 0002 0201 0304 0102 0302 0401 0202 0403 0000 0001 0303 0103 0203 0203 0203 0101 0401 0104 0203 0204 0202 0200 0102 0202 0203 0201 0401 0202
15 , 0001 0401 0301 0004 0101 0403 0204 0101 0101 0100 0203 0104 0102 0301 0203 0402 0202 0404 0404 0104 0401 0202 0103 0203 0101 0201 0103 0401 0204 0101 0003 0403 0101 0404 0204 0104 0200 0201 0202 0002 0103 0104 0100 0402 0404 0301 0002 0101 0304 0404 0102 0201 0302 0001 0304 0102 0302 0004 0202 0402 0102 0304 0303 0103 0203 0003 0203 0101 0403 0104 0203 0204 0102 0202 0102 0202 0203 0001 0401 0204 0401 0202 0301 0004 0101 0403 0004 0102 0101 0103 0203 0104 0102 0301 0203 0402 0202 0100 0402 0104 0001 0402 0103 0203 0101 0001 0104 0001 0204 0401 0300 0100 0200 0404 0200 0302 0201 0001 0202 0400 0103 0104 0102 0404 0404 0301 0102 0102 0202 0400 0002 0303 0302 0201 0304 0102 0302 0401 0203 0402 0100 0301 0303 0103 0003 0203 0203 0101 0403 0404 0203 0204 0200 0202 0102 0202 0200 0001 0401 0304
16 , 0401 0201 0003 0001 0001 0403 0304 0101 0101 0104 0203 0104 0102 0301 0203 0402 0202 0404 0304 0104 0401 0402 0103 0203 0001 0204 0104 0301 0204 0401 0003 0403 0201 0404 0204 0302 0201 0203 0202 0402 0103 0100 0101 0402 0404 0301 0102 0101 0204 0404 0102 0203 0302 0201 0304 0104 0302 0401 0202 0402 0102 0301 0303 0103 0203 0203 0100 0002 0404 0104 0203 0204 0202 0203 0102 0203 0203 0203 0401 0204 0401 0201 0201 0404 0101 0403 0204 0100 0001 0000 0303 0104 0003 0300 0203 0002 0200 0404 0004 0104 0001 0402 0103 0203 0100 0001 0103 0301 0204 0401 0303 0403 0201 0404 0204 0302 0200 0201 0202 0402 0103 0104 0102 0400 0004 0301 0102 0103 0204 0204 0102 0203 0302 0001 0104 0000 0302 0401 0200 0402 0202 0301 0303 0103 0203 0203 0003 0101 0403 0101 0100 0200 0202 0202 0100 0002 0203 0001 0401 0204
17 , 0401 0200 0301 0404 0101 0403 0404 0101 0001 0103 0203 0104 0102 0300 0203 0402 0202 0404 0402 0104 0401 0402 0103 0203 0101 0001 0104 0301 0204 0401 0303 0400 0201 0404 0204 0300 0201 0201 0302 0402 0400 0104 0102 0400 0404 0301 0102 0103 0204 0404 0102 0103 0302 0200 0304 0202 0402 0001 0302 0402 0102 0301 0203 0103 0203 0203 0202 0101 0403 0104 0204 0202 0202 0202 0102 0202 0203 0300 0401 0204 0401 0201 0301 0404 0101 0403 0204 0101 0101 0003 0203 0104 0102 0301 0203 0402 0204 0404 0002 0104 0401 0001 0103 0203 0100 0201 0104 0301 0004 0401 0303 0403 0204 0004 0204 0302 0201 0201 0202 0402 0003 0100 0102 0402 0404 0301 0102 0103 0001 0404 0102 0203 0302 0201 0304 0102 0302 0401 0202 0402 0102 0001 0203 0103 0203 0201 0203 0301 0403 0104 0200 0204 0400 0202 0102 0202 0203 0201 0401 0204
18 , 0401 0201 0301 0004 0001 0403 0201 0100 0101 0104 0203 0104 0100 0001 0203 0402 0202 0404 0404 0004 0401 0402 0100 0202 0101 0201 0104 0301 0204 0402 0300 0403 0201 0402 0200 0002 0201 0201 0200 0002 0103 0102 0302 0002 0404 0301 0100 0103 0204 0404 0102 0200 0302 0201 0304 0102 0302 0401 0202 0002 0002 0301 0003 0404 0200 0404 0203 0101 0004 0104 0203 0204 0202 0302 0102 0202 0203 0201 0001 0204 0401 0201 0001 0400 0101 0004 0204 0101 0101 0103 0203 0104 0102 0101 0203 0401 0202 0404 0404 0104 0401 0402 0103 0203 0101 0201 0004 0300 0204 0401 0000 0403 0200 0404 0204 0302 0201 0201 0402 0402 0103 0101 0103 0402 0404 0301 0302 0003 0204 0304 0102 0203 0402 0204 0304 0102 0302 0401 0202 0402 0102 0300 0303 0103 0203 0203 0203 0101 0403 0104 0003 0003 0202 0202 0402 0002 0303 0201 0401 0204
19 , 0401 0101 0301 0404 0101 0403 0204 0101 0004 0103 0203 0101 0102 0201 0203 0402 0202 0404 0404 0103 0401 0402 0003 0004 0101 0201 0204 0000 0200 0401 0203 0402 0201 0404 0200 0301 0201 0201 0402 0402 0003 0004 0202 0103 0404 0201 0101 0104 0202 0404 0402 0301 0300 0201 0304 0102 0302 0201 0202 0403 0104 0301 0303 0003 0203 0300 0203 0103 0403 0104 0203 0204 0202 0402 0102 0202 0403 0201 0401 0204 0401 0200 0401 0402 0101 0403 0204 0101 0102 0103 0203 0100 0102 0301 0200 0402 0202 0204 0404 0104 0401 0402 0103 0203 0101 0001 0100 0301 0204 0401 0303 0401 0202 0404 0204 0002 0201 0201 0202 0401 0103 0004 0100 0402 0004 0203 0102 0103 0004 0204 0102 0203 0202 0201 0400 0202 0302 0401 0002 0402 0102 0301 0302 0103 0203 0200 0203 0101 0003 0101 0200 0204 0202 0202 0400 0202 0203 0201 0101 0002
20 , 0401 0201 0301 0404 0101 0403 0404 0101 0001 0103 0203 0004 0002 0304 0002 0402 0202 0402 0301 0104 0200 0400 0100 0003 0101 0201 0104 0001 0204 0401 0300 0403 0201 0404 0302 0302 0001 0201 0202 0402 0103 0104 0100 0402 0404 0301 0102 0103 0004 0104 0003 0200 0302 0201 0304 0102 0302 0401 0002 0401 0102 0301 0303 0103 0203 0203 0203 0101 0403 0104 0203 0204 0202 0002 0002 0200 0203 0201 0401 0204 0401 0201 0301 0404 0101 0403 0204 0100 0101 0103 0203 0104 0102 0301 0203 0402 0202 0404 0204 0104 0401 0402 0103 0203 0101 0201 0304 0301 0200 0401 0303 0403 0201 0404 0204 0302 0201 0203 0302 0402 0001 0104 0102 0402 0404 0301 0102 0100 0204 0100 0102 0200 0302 0201 0304 0102 0302 0401 0202 0403 0102 0001 0303 0103 0203 0203 0203 0101 0400 0100 0203 0204 0200 0000 0102 0202 0003 0001 0401 0204
21 , 0401 0001 0301 0404 0101 0000 0204 0301 0101 0103 0002 0004 0102 0301 0200 0002 0002 0004 0404 0000 0401 0402 0103 0203 0004 0200 0004 0301 0404 0401 0303 0402 0201 0404 0201 0302 0201 0201 0204 0402 0103 0104 0002 0402 0404 0301 0100 0103 0200 0404 0102 0203 0302 0201 0304 0102 0302 0400 0200 0402 0102 0302 0303 0103 0203 0203 0202 0100 0003 0104 0203 0204 0202 0402 0102 0203 0402 0200 0401 0200 0201 0201 0301 0404 0101 0403 0200 0101 0101 0103 0203 0104 0102 0301 0203 0402 0202 0404 0401 0104 0400 0402 0100 0203 0101 0201 0004 0301 0204 0401 0303 0403 0201 0404 0204 0302 0400 0201 0002 0400 0103 0104 0403 0401 0404 0001 0100 0101 0204 0404 0102 0403 0302 0201 0304 0102 0300 0401 0203 0402 0104 0301 0303 0103 0203 0103 0203 0101 0403 0200 0203 0203 0202 0204 0102 0200 0203 0200 0403 0004
22 , 0401 0202 0301 0404 0101 0403 0202 0101 0101 0103 0200 0104 0102 0001 0203 0002 0102 0404 0404 0104 0401 0102 0103 0101 0101 0001 0100 0301 0204 0401 0301 0403 0201 0404 0002 0302 0201 0201 0202 0402 0103 0104 0102 0402 0404 0301 0102 0103 0202 0400 0100 0203 0302 0201 0304 0102 0302 0401 0202 0402 0102 0302 0303 0103 0203 0203 0203 0101 0403 0104 0203 0204 0200 0202 0102 0002 0203 0401 0401 0004 0401 0301 0301 0404 0201 0403 0204 0201 0301 0104 0203 0104 0002 0301 0403 0402 0202 0403 0004 0104 0401 0402 0103 0200 0101 0201 0104 0301 0204 0401 0303 0401 0201 0404 0204 0302 0201 0201 0102 0402 0103 0104 0002 0002 0404 0301 0101 0103 0204 0004 0102 0003 0302 0201 0302 0202 0302 0401 0202 0402 0102 0301 0303 0103 0203 0203 0203 0101 0403 0104 0003 0204 0202 0202 0102 0202 0200 0201 0401 0204
23 , 0401 0201 0301 0004 0101 0403 0201 0101 0101 0103 0200 0304 0102 0301 0200 0402 0202 0404 0404 0000 0401 0402 0103 0203 0101 0204 0004 0301 0204 0401 0300 0003 0202 0404 0204 0302 0201 0201 0202 0402 0303 0104 0102 0400 0404 0301 0102 0103 0404 0404 0104 0203 0302 0201 0304 0102 0302 0403 0202 0402 0102 0201 0300 0103 0300 0203 0203 0101 0403 0104 0203 0204 0202 0202 0102 0203 0203 0001 0401 0300 0403 0201 0301 0404 0101 0403 0004 0101 0101 0103 0203 0104 0102 0301 0203 0400 0002 0404 0400 0102 0400 0402 0103 0203 0101 0201 0103 0300 0204 0401 0103 0403 0203 0404 0204 0302 0200 0201 0200 0402 0403 0102 0002 0302 0404 0201 0102 0102 0104 0004 0102 0203 0302 0201 0304 0102 0002 0301 0200 0402 0102 0302 0303 0103 0203 0203 0203 0101 0403 0204 0203 0204 0002 0202 0000 0202 0203 0201 0401 0204
24 , 0401 0201 0301 0400 0101 0403 0004 0100 0001 0100 0200 0103 0102 0301 0203 0402 0202 0404 0404 0104 0401 0402 0103 0203 0101 0201 0104 0203 0104 0401 0203 0400 0201 0001 0204 0302 0204 0201 0202 0002 0000 0104 0002 0002 0404 0301 0102 0102 0204 0404 0100 0201 0302 0201 0304 0102 0402 0401 0202 0402 0102 0101 0303 0103 0202 0200 0200 0101 0003 0104 0203 0304 0002 0402 0102 0202 0203 0201 0401 0204 0401 0201 0301 0404 0101 0403 0204 0101 0101 0000 0203 0104 0100 0301 0203 0402 0202 0404 0404 0104 0101 0402 0103 0003 0101 0201 0104 0300 0204 0401 0403 0403 0001 0404 0204 0300 0200 0201 0002 0402 0103 0104 0103 0402 0404 0301 0102 0100 0404 0404 0102 0203 0002 0201 0304 0102 0002 0001 0202 0402 0102 0301 0304 0100 0203 0203 0200 0100 0403 0004 0203 0204 0202 0202 0102 0201 0200 0201 0401 0204
25 , 0401 0201 0301 0404 0101 0404 0204 0101 0101 0103 0103 0104 0102 0300 0203 0402 0202 0404 0402 0104 0402 0402 0103 0203 0101 0201 0203 0001 0200 0401 0303 0403 0201 0404 0404 0302 0401 0201 0202 0402 0103 0102 0102 0402 0404 0300 0102 0003 0204 0404 0102 0203 0303 0200 0304 0102 0302 0401 0202 0400 0102 0303 0003 0103 0203 0203 0100 0101 0003 0004 0203 0204 0202 0202 0102 0002 0203 0201 0401 0204 0000 0201 0302 0404 0101 0402 0204 0101 0100 0103 0203 0004 0002 0001 0203 0402 0202 0404 0404 0104 0402 0402 0103 0203 0100 0201 0004 0301 0204 0401 0303 0403 0201 0404 0000 0302 0200 0001 0302 0402 0103 0104 0102 0402 0404 0001 0104 0103 0204 0004 0102 0203 0002 0201 0304 0102 0302 0401 0202 0402 0002 0301 0303 0100 0200 0203 0203 0101 0403 0104 0203 0204 0002 0301 0102 0202 0203 0201 0401 0204
26 , 0401 0201 0301 0404 0101 0403 0204 0101 0101 0103 0203 0004 0002 0301 0203 0402 0202 0404 0402 0104 0401 0402 0104 0203 0001 0201 0104 0301 0003 0002 0300 0402 0301 0400 0204 0302 0201 0101 0200 0402 0103 0104 0102 0402 0400 0001 0102 0104 0104 0404 0103 0203 0102 0201 0304 0102 0302 0401 0202 0002 0102 0300 0400 0203 0203 0203 0204 0101 0403 0104 0203 0200 0202 0002 0102 0002 0203 0201 0401 0404 0401 0301 0301 0404 0001 0402 0200 0101 0101 0003 0203 0101 0002 0301 0103 0402 0202 0404 0404 0104 0402 0402 0003 0203 0101 0001 0104 0001 0204 0401 0303 0403 0201 0104 0204 0300 0201 0000 0202 0402 0103 0104 0102 0402 0400 0000 0302 0103 0204 0404 0104 0203 0302 0100 0304 0102 0302 0401 0002 0002 0102 0300 0303 0103 0200 0203 0203 0100 0403 0104 0203 0004 0202 0202 0102 0002 0204 0201 0001 0204
27 , 0400 0201 0301 0004 0101 0403 0204 0101 0101 0103 0203 0104 0102 0300 0003 0402 0202 0400 0004 0101 0400 0402 0103 0203 0101 0201 0104 0304 0204 0401 0203 0403 0001 0404 0304 0301 0001 0401 0202 0202 0103 0104 0102 0402 0404 0301 0103 0103 0204 0403 0102 0003 0302 0201 0004 0102 0302 0401 0202 0402 0102 0301 0303 0101 0203 0003 0204 0101 0403 0103 0203 0004 0200 0202 0102 0202 0203 0201 0401 0204 0401 0201 0301 0404 0100 0203 0204 0001 0101 0203 0203 0104 0102 0301 0203 0402 0202 0404 0404 0104 0401 0402 0103 0202 0004 0200 0304 0302 0100 0401 0303 0003 0201 0404 0204 0302 0201 0201 0002 0402 0103 0104 0102 0402 0404 0301 0102 0100 0204 0401 0102 0400 0301 0201 0304 0102 0302 0401 0102 0402 0102 0304 0303 0103 0203 0203 0203 0101 0403 0204 0203 0204 0202 0202 0002 0202 0203 0201 0001 0204
28 , 0401 0201 0101 0404 0100 0402 0004 0101 0101 0103 0200 0104 0102 0301 0003 0403 0202 0404 0200 0104 0003 0402 0100 0203 0101 0201 0104 0001 0204 0401 0303 0403 0201 0404 0100 0302 0201 0401 0202 0402 0103 0104 0002 0402 0404 0301 0102 0100 0204 0404 0100 0203 0202 0201 0104 0102 0302 0403 0302 0202 0102 0301 0303 0003 0203 0203 0203 0001 0403 0204 0203 0004 0200 0202 0102 0002 0203 0202 0401 0202 0401 0202 0301 0404 0101 0403 0004 0101 0101 0103 0303 0304 0402 0301 0201 0002 0203 0404 0404 0304 0401 0402 0103 0203 0101 0002 0404 0303 0204 0401 0303 0403 0201 0404 0204 0300 0204 0201 0202 0102 0103 0104 0001 0402 0404 0001 0100 0103 0200 0000 0103 0100 0302 0201 0304 0102 0302 0403 0202 0400 0102 0301 0303 0103 0203 0303 0203 0101 0403 0104 0203 0204 0202 0002 0102 0202 0203 0201 0301 0204
29 , 0401 0201 0301 0004 0103 0403 0204 0101 0004 0103 0203 0104 0102 0301 0203 0402 0102 0404 0403 0104 0101 0402 0103 0203 0101 0204 0101 0301 0204 0401 0300 0003 0201 0404 0204 0102 0201 0001 0302 0402 0003 0104 0002 0402 0404 0101 0102 0103 0204 0404 0000 0203 0303 0203 0304 0102 0001 0401 0402 0402 0102 0301 0303 0103 0203 0003 0203 0000 0403 0100 0203 0202 0202 0202 0102 0202 0000 0201 0401 0201 0401 0202 0301 0404 0101 0003 0202 0101 0100 0103 0203 0104 0102 0301 0203 0402 0100 0404 0403 0104 0001 0102 0103 0201 0101 0201 0104 0301 0200 0401 0301 0403 0200 0404 0204 0300 0201 0201 0202 0402 0103 0104 0102 0402 0404 0301 0002 0103 0204 0403 0102 0203 0302 0201 0304 0102 0302 0401 0202 0402 0102 0302 0303 0103 0203 0203 0203 0101 0403 0004 0203 0204 0202 0202 0102 0202 0203 0403 0401 0204
30 , 0301 0301 0301 0404 0101 0403 0204 0001 0104 0103 0203 0104 0102 0301 0203 0402 0202 0404 0404 0104 0402 0402 0103 0203 0101 0201 0104 0301 0204 0401 0303 0001 0204 0404 0204 0002 0201 0201 0200 0402 0103 0102 0100 0402 0404 0301 0000 0103 0104 0404 0100 0203 0302 0201 0304 0102 0302 0401 0200 0402 0102 0301 0303 0103 0200 0003 0203 0101 0103 0304 0203 0204 0202 0202 0102 0202 0003 0204 0404 0204 0402 0300 0301 0404 0101 0402 0204 0002 0301 0400 0201 0104 0102 0301 0203 0402 0202 0404 0404 0104 0401 0402 0101 0203 0101 0202 0104 0300 0200 0001 0000 0403 0201 0404 0204 0302 0200 0201 0202 0402 0103 0104 0102 0202 0404 0301 0100 0003 0204 0004 0102 0203 0302 0001 0301 0102 0302 0401 0202 0402 0100 0301 0303 0103 0203 0303 0203 0103 0403 0103 0203 0204 0300 0202 0102 0202 0200 0201 0401 0204
31 , 0401 0201 0301 0404 0103 0402 0204 0101 0101 0103 0203 0102 0102 0300 0203 0002 0202 0404 0404 0304 0401 0402 0303 0203 0101 0201 0104 0301 0004 0401 0301 0403 0200 0404 0200 0304 0201 0204 0202 0402 0103 0104 0002 0402 0404 0301 0102 0101 0204 0404 0102 0200 0302 0201 0204 0102 0304 0401 0200 0402 0102 0301 0303 0103 0203 0203 0200 0101 0203 0104 0203 0204 0204 0202 0102 0202 0203 0201 0400 0104 0401 0201 0301 0404 0101 0403 0204 0101 0103 0103 0203 0104 0102 0301 0204 0402 0202 0404 0404 0104 0001 0402 0103 0203 0101 0401 0104 0301 0204 0401 0303 0403 0201 0404 0204 0102 0200 0201 0002 0402 0100 0104 0102 0102 0404 0300 0102 0101 0000 0404 0102 0203 0302 0003 0303 0102 0302 0400 0202 0402 0101 0301 0303 0003 0202 0203 0201 0101 0403 0104 0000 0303 0202 0202 0102 0202 0203 0201 0401 0204
32 , 0001 0201 0301 0404 0103 0403 0104 0101 0101 0103 0203 0100 0103 0301 0203 0402 0202 0404 0104 0004 0401 0402 0100 0103 0101 0204 0101 0301 0004 0401 0303 0403 0001 0404 0200 0302 0201 0301 0202 0402 0003 0104 0002 0402 0404 0301 0102 0103 0204 0404 0102 0003 0303 0203 0304 0102 0302 0401 0402 0400 0402 0301 0303 0103 0003 0003 0203 0001 0403 0104 0003 0204 0202 0202 0402 0202 0203 0201 0400 0200 0401 0201 0001 0404 0101 0003 0204 0101 0101 0003 0203 0104 0400 0301 0204 0402 0202 0403 0300 0101 0401 0403 0103 0200 0101 0201 0104 0300 0204 0403 0303 0403 0203 0404 0004 0301 0201 0201 0002 0202 0103 0104 0102 0402 0404 0301 0102 0103 0204 0404 0102 0202 0301 0201 0304 0102 0302 0201 0002 0402 0102 0001 0303 0103 0203 0203 0203 0101 0402 0103 0203 0204 0202 0202 0102 0203 0203 0201 0401 0204
33 , 0401 0201 0300 0404 0001 0403 0204 0100 0401 0103 0203 0104 0102 0000 0203 0402 0402 0404 0404 0104 0401 0402 0103 0203 0101 0201 0104 0301 0204 0401 0303 0403 0201 0400 0204 0302 0201 0201 0202 0402 0100 0100 0102 0102 0004 0301 0102 0103 0204 0404 0001 0203 0302 0200 0304 0402 0302 0201 0200 0402 0102 0301 0303 0103 0003 0203 0203 0001 0403 0101 0000 0204 0202 0202 0101 0002 0203 0201 0401 0204 0403 0201 0303 0404 0101 0403 0304 0201 0101 0003 0203 0204 0002 0301 0203 0402 0202 0404 0404 0104 0401 0002 0103 0203 0101 0200 0000 0301 0104 0401 0303 0400 0201 0404 0204 0302 0001 0201 0202 0401 0103 0204 0100 0002 0402 0301 0102 0103 0204 0104 0102 0203 0302 0201 0304 0102 0202 0001 0202 0002 0002 0301 0000 0103 0003 0203 0203 0101 0403 0004 0203 0204 0202 0202 0102 0202 0203 0201 0404 0204
34 , 0404 0201 0301 0404 0101 0003 0204 0101 0101 0103 0203 0104 0102 0001 0203 0402 0202 0404 0404 0104 0401 0400 0100 0203 0100 0201 0104 0301 0204 0401 0300 0403 0201 0404 0004 0102 0201 0001 0202 0402 0103 0104 0002 0400 0404 0301 0002 0101 0204 0404 0002 0203 0002 0203 0303 0102 0302 0401 0202 0400 0101 0301 0303 0103 0203 0300 0001 0101 0401 0104 0203 0004 0202 0202 0102 0202 0203 0201 0401 0004 0400 0201 0301 0404 0103 0002 0204 0101 0101 0103 0203 0100 0102 0301 0003 0402 0202 0404 0004 0004 0401 0402 0103 0203 0101 0201 0104 0301 0204 0301 0301 0403 0201 0404 0004 0304 0201 0204 0202 0402 0103 0104 0104 0402 0404 0301 0102 0101 0200 0404 0002 0201 0302 0201 0204 0102 0304 0401 0102 0400 0103 0301 0303 0103 0203 0203 0203 0101 0203 0104 0203 0204 0202 0202 0102 0202 0203 0200 0001 0104
35 , 0401 0001 0301 0403 0101 0403 0204 0101 0101 0102 0203 0104 0102 0001 0202 0402 0202 0404 0401 0104 0001 0402 0103 0203 0101 0301 0104 0301 0204 0401 0003 0403 0201 0404 0204 0002 0101 0201 0202 0402 0103 0104 0102 0402 0004 0301 0102 0403 0204 0404 0100 0200 0302 0201 0300 0102 0302 0100 0202 0402 0302 0300 0302 0100 0203 0203 0103 0101 0403 0104 0203 0204 0204 0202 0300 0200 0003 0201 0401 0204 0401 0201 0301 0404 0101 0403 0204 0101 0101 0103 0203 0104 0103 0301 0203 0002 0202 0404 0404 0104 0101 0402 0103 0003 0004 0201 0004 0301 0304 0401 0303 0403 0201 0404 0204 0302 0201 0201 0203 0400 0100 0104 0102 0402 0404 0301 0102 0403 0204 0404 0102 0200 0302 0201 0304 0102 0302 0401 0202 0000 0102 0301 0303 0000 0203 0203 0203 0203 0403 0104 0203 0204 0102 0202 0002 0202 0203 0201 0201 0204
36 , 0401 0201 0301 0404 0101 0403 0202 0101 0100 0103 0203 0100 0102 0301 0203 0402 0202 0404 0404 0104 0401 0402 0103 0203 0101 0201 0104 0301 0200 0404 0303 0403 0202 0404 0204 0302 0201 0201 0202 0402 0103 0002 0102 0400 0204 0301 0102 0003 0204 0404 0102 0203 0202 0201 0304 0102 0302 0401 0002 0400 0102 0300 0303 0103 0200 0203 0203 0103 0402 0100 0203 0200 0202 0202 0102 0202 0402 0001 0400 0204 0402 0203 0301 0404 0000 0403 0204 0401 0101 0103 0203 0104 0102 0301 0200 0402 0202 0404 0404 0304 0402 0002 0103 0203 0001 0202 0100 0301 0200 0401 0303 0303 0201 0404 0204 0302 0001 0201 0202 0402 0203 0104 0002 0402 0404 0301 0102 0103 0204 0004 0102 0203 0302 0204 0304 0102 0302 0401 0204 0402 0002 0201 0303 0000 0203 0203 0403 0101 0403 0404 0203 0200 0202 0200 0102 0202 0203 0201 0401 0204
37 , 0401 0201 0301 0400 0101 0403 0204 0104 0101 0103 0003 0104 0300 0304 0203 0402 0202 0004 0404 0004 0401 0402 0103 0204 0001 0302 0104 0301 0204 0401 0401 0404 0201 0404 0204 0302 0301 0301 0002 0302 0103 0104 0102 0002 0402 0001 0102 0103 0204 0404 0100 0203 0002 0201 0104 0102 0302 0401 0201 0402 0102 0301 0303 0103 0200 0203 0203 0101 0204 0100 0003 0204 0202 0202 0102 0200 0003 0001 0404 0204 0401 0201 0300 0404 0101 0400 0204 0100 0101 0103 0203 0004 0102 0004 0204 0402 0002 0402 0300 0004 0401 0402 0103 0203 0101 0201 0104 0301 0204 0401 0303 0403 0201 0404 0204 0202 0201 0200 0202 0002 0103 0104 0102 0002 0400 0301 0002 0103 0204 0004 0103 0203 0302 0201 0304 0100 0302 0401 0202 0402 0102 0301 0303 0003 0000 0200 0203 0101 0403 0100 0203 0204 0200 0202 0103 0202 0003 0201 0001 0204
38 , 0401 0101 0300 0303 0101 0400 0204 0101 0101 0200 0402 0304 0301 0301 0203 0302 0202 0404 0401 0103 0401 0402 0103 0203 0101 0201 0104 0301 0004 0001 0303 0403 0201 0404 0200 0302 0001 0203 0202 0402 0100 0104 0103 0402 0404 0301 0102 0100 0204 0404 0102 0203 0302 0201 0304 0102 0402 0401 0301 0402 0103 0301 0300 0100 0203 0203 0003 0101 0303 0104 0203 0204 0202 0202 0102 0102 0203 0201 0401 0204 0401 0201 0001 0404 0104 0003 0404 0201 0101 0103 0203 0104 0102 0301 0203 0402 0202 0404 0402 0104 0401 0402 0103 0403 0101 0201 0304 0301 0204 0401 0303 0403 0201 0400 0204 0003 0201 0201 0302 0001 0403 0104 0102 0404 0404 0301 0102 0103 0204 0404 0102 0200 0302 0203 0304 0102 0302 0400 0202 0402 0402 0301 0303 0203 0203 0203 0203 0101 0403 0104 0203 0204 0202 0202 0102 0202 0203 0201 0401 0204
39 , 0400 0101 0301 0004 0101 0403 0204 0401 0101 0103 0203 0104 0402 0301 0203 0402 0202 0404 0404 0302 0401 0402 0000 0203 0001 0001 0103 0301 0204 0401 0303 0403 0401 0404 0204 0302 0203 0201 0002 0402 0303 0102 0302 0402 0204 0001 0101 0103 0201 0404 0002 0203 0302 0001 0304 0102 0302 0401 0204 0402 0102 0301 0003 0003 0203 0303 0203 0101 0403 0200 0003 0201 0302 0202 0102 0204 0000 0201 0001 0204 0401 0201 0301 0402 0101 0403 0204 0101 0101 0103 0402 0304 0001 0301 0203 0302 0202 0404 0001 0004 0401 0402 0103 0203 0101 0201 0104 0301 0204 0402 0303 0401 0201 0404 0203 0302 0201 0201 0202 0400 0103 0004 0103 0402 0404 0301 0002 0103 0200 0304 0201 0203 0302 0201 0304 0102 0302 0001 0301 0402 0102 0301 0303 0103 0003 0203 0203 0101 0403 0104 0203 0204 0202 0202 0102 0102 0203 0001 0401 0204
40 , 0102 0201 0301 0404 0101 0403 0404 0001 0401 0103 0203 0104 0100 0301 0003 0402 0202 0404 0402 0104 0401 0400 0103 0003 0101 0201 0104 0301 0204 0401 0303 0403 0201 0004 0204 0302 0200 0201 0302 0402 0403 0104 0102 0400 0404 0301 0102 0103 0204 0404 0102 0203 0300 0401 0304 0102 0402 0401 0202 0402 0102 0301 0303 0103 0203 0203 0202 0101 0403 0104 0200 0204 0202 0202 0102 0202 0203 0301 0401 0204 0402 0201 0301 0004 0101 0403 0204 0101 0101 0100 0201 0103 0102 0301 0203 0402 0202 0400 0401 0100 0401 0402 0103 0203 0101 0201 0104 0301 0204 0401 0303 0404 0001 0404 0204 0302 0201 0201 0202 0402 0000 0400 0102 0200 0404 0301 0101 0103 0204 0404 0102 0203 0302 0200 0004 0102 0302 0401 0202 0400 0100 0301 0303 0103 0203 0200 0203 0101 0403 0203 0203 0104 0302 0202 0102 0002 0203 0201 0401 0204
41 , 0401 0202 0300 0402 0101 0403 0204 0000 0101 0103 0203 0004 0102 0300 0203 0402 0201 0404 0404 0104 0101 0304 0103 0203 0003 0201 0004 0301 0204 0401 0303 0403 0201 0000 0204 0302 0201 0201 0102 0004 0104 0104 0102 0000 0404 0001 0100 0303 0204 0404 0002 0203 0302 0200 0304 0100 0302 0401 0200 0402 0104 0301 0303 0403 0203 0303 0203 0101 0403 0004 0003 0204 0202 0202 0002 0202 0203 0101 0401 0200 0401 0200 0301 0404 0101 0403 0204 0100 0101 0103 0203 0103 0100 0301 0203 0402 0202 0404 0404 0104 0401 0400 0103 0203 0101 0201 0104 0301 0204 0401 0303 0404 0200 0004 0201 0302 0201 0301 0202 0402 0103 0104 0102 0402 0404 0001 0102 0403 0204 0404 0102 0203 0300 0200 0004 0102 0302 0404 0202 0400 0101 0301 0303 0100 0203 0203 0203 0100 0403 0104 0203 0204 0203 0002 0102 0202 0403 0202 0403 0204
42 , 0401 0201 0304 0404 0101 0403 0204 0001 0101 0303 0203 0104 0002 0301 0203 0402 0302 0404 0404 0104 0001 0002 0103 0203 0101 0001 0104 0301 0204 0401 0303 0403 0201 0404 0404 0302 0201 0200 0203 0402 0103 0104 0102 0402 0404 0301 0102 0103 0204 0104 0202 0203 0300 0201 0300 0102 0302 0401 0202 0402 0101 0304 0003 0102 0203 0203 0203 0004 0403 0100 0203 0204 0202 0201 0102 0202 0203 0201 0401 0204 0401 0201 0301 0004 0401 0403 0201 0100 0101 0003 0203 0104 0102 0301 0003 0402 0202 0204 0404 0100 0401 0402 0103 0003 0101 0201 0104 0300 0204 0401 0303 0403 0201 0401 0204 0302 0201 0201 0002 0402 0104 0104 0101 0302 0404 0301 0102 0103 0204 0401 0101 0203 0302 0201 0000 0102 0302 0401 0302 0000 0100 0001 0300 0103 0203 0103 0201 0101 0403 0104 0203 0204 0202 0202 0102 0202 0203 0201 0301 0204
43 , 0001 0200 0301 0400 0101 0400 0204 0101 0101 0002 0203 0204 0402 0301 0203 0402 0202 0404 0404 0102 0401 0402 0103 0203 0102 0201 0100 0301 0204 0401 0303 0403 0201 0404 0204 0300 0201 0201 0202 0402 0103 0104 0103 0402 0004 0301 0102 0103 0204 0404 0202 0203 0302 0200 0300 0102 0302 0401 0202 0404 0102 0301 0303 0200 0200 0203 0200 0101 0403 0104 0203 0200 0203 0202 0102 0302 0203 0201 0401 0204 0400 0200 0301 0404 0101 0403 0204 0101 0101 0103 0003 0103 0100 0001 0203 0402 0202 0404 0304 0102 0401 0404 0103 0203 0100 0201 0202 0300 0204 0101 0400 0403 0201 0401 0204 0300 0201 0201 0202 0101 0103 0104 0100 0402 0404 0401 0102 0003 0203 0404 0002 0203 0302 0201 0304 0104 0300 0401 0002 0002 0102 0101 0303 0103 0202 0203 0203 0001 0403 0104 0203 0203 0202 0202 0104 0202 0203 0201 0401 0204
44 , 0401 0201 0301 0004 0101 0403 0204 0101 0101 0100 0203 0104 0102 0301 0203 0402 0302 0404 0404 0104 0401 0402 0103 0203 0103 0000 0104 0301 0204 0401 0303 0403 0201 0404 0204 0202 0201 0200 0200 0402 0103 0104 0102 0402 0404 0201 0102 0100 0204 0404 0102 0203 0302 0200 0300 0102 0302 0203 0201 0403 0101 0301 0303 0103 0203 0203 0203 0100 0404 0204 0203 0004 0201 0202 0000 0202 0203 0401 0401 0204 0001 0001 0300 0004 0100 0400 0200 0101 0401 0103 0204 0104 0101 0301 0200 0402 0202 0404 0304 0104 0101 0402 0003 0204 0101 0201 0104 0301 0204 0401 0303 0003 0201 0404 0204 0002 0201 0301 0202 0402 0103 0104 0202 0402 0400 0301 0102 0103 0204 0404 0102 0203 0300 0001 0304 0102 0000 0400 0202 0002 0002 0302 0303 0103 0203 0204 0003 0200 0103 0304 0003 0204 0202 0202 0102 0003 0203 0001 0400 0204
45 , 0401 0201 0301 0404 0101 0403 0204 0101 0104 0003 0203 0104 0102 0301 0003 0402 0202 0404 0400 0104 0301 0002 0103 0203 0101 0201 0104 0301 0204 0400 0003 0403 0201 0404 0200 0300 0000 0201 0202 0002 0102 0104 0403 0401 0400 0301 0102 0103 0204 0404 0100 0403 0302 0201 0304 0102 0302 0201 0203 0002 0102 0301 0003 0103 0203 0003 0003 0101 0403 0104 0203 0000 0202 0202 0102 0202 0203 0201 0401 0204 0300 0400 0304 0404 0201 0203 0404 0101 0100 0103 0201 0104 0102 0302 0203 0000 0202 0404 0400 0104 0400 0402 0103 0200 0301 0201 0002 0301 0204 0400 0303 0300 0203 0402 0204 0302 0201 0201 0202 0402 0103 0104 0102 0402 0404 0003 0102 0103 0204 0004 0102 0203 0302 0200 0304 0200 0302 0401 0202 0403 0102 0301 0303 0103 0203 0202 0403 0001 0403 0104 0003 0204 0202 0202 0102 0202 0203 0201 0401 0204
46 , 0401 0201 0301 0402 0001 0403 0204 0101 0104 0101 0203 0104 0102 0301 0203 0402 0202 0400 0404 0104 0401 0402 0403 0003 0101 0201 0104 0301 0200 0401 0303 0103 0201 0004 0204 0302 0201 0200 0202 0402 0103 0104 0002 0402 0404 0301 0102 0203 0204 0404 0002 0203 0300 0001 0304 0102 0302 0201 0202 0400 0102 0301 0303 0103 0203 0203 0203 0101 0303 0104 0203 0204 0200 0202 0002 0202 0203 0201 0401 0200 0301 0301 0300 0404 0001 0403 0204 0101 0101 0000 0003 0104 0102 0301 0203 0402 0202 0404 0404 0100 0401 0402 0103 0003 0101 0001 0404 0302 0404 0401 0303 0403 0001 0404 0204 0302 0201 0201 0200 0402 0003 0104 0103 0404 0400 0301 0102 0103 0104 0404 0102 0200 0302 0301 0304 0102 0302 0401 0202 0402 0002 0301 0300 0000 0203 0200 0203 0101 0103 0104 0203 0202 0002 0002 0102 0200 0203 0201 0401 0200
47 , 0402 0201 0301 0404 0101 0003 0004 0101 0101 0000 0201 0104 0102 0301 0203 0402 0202 0404 0004 0300 0301 0402 0103 0203 0101 0201 0304 0301 0200 0401 0303 0403 0401 0404 0202 0302 0201 0201 0300 0402 0103 0104 0102 0202 0404 0303 0102 0003 0204 0404 0102 0203 0302 0201 0204 0102 0402 0401 0202 0201 0100 0401 0303 0100 0203 0201 0203 0000 0003 0103 0203 0204 0302 0202 0102 0202 0203 0201 0400 0004 0301 0301 0301 0404 0100 0403 0200 0401 0101 0103 0203 0104 0102 0100 0200 0000 0202 0400 0400 0103 0401 0403 0103 0203 0101 0201 0104 0301 0004 0401 0300 0400 0301 0404 0204 0302 0201 0201 0202 0402 0100 0104 0102 0402 0403 0301 0102 0003 0104 0400 0102 0000 0302 0301 0004 0102 0302 0401 0202 0402 0002 0301 0303 0103 0203 0203 0203 0101 0003 0104 0203 0204 0202 0202 0102 0202 0203 0001 0401 0204
48 , 0301 0301 0301 0404 0101 0403 0204 0401 0101 0103 0203 0001 0102 0301 0203 0402 0202 0404 0404 0104 0401 0102 0103 0203 0101 0201 0104 0301 0004 0401 0303 0403 0201 0400 0204 0302 0201 0200 0202 0402 0103 0104 0100 0402 0404 0001 0100 0103 0104 0404 0102 0203 0302 0301 0004 0101 0301 0401 0202 0402 0102 0301 0300 0100 0200 0203 0203 0101 0103 0104 0200 0204 0202 0002 0102 0202 0203 0200 0401 0202 0401 0201 0303 0404 0101 0403 0204 0101 0101 0400 0203 0104 0102 0301 0203 0000 0202 0403 0404 0104 0400 0400 0103 0003 0101 0201 0101 0302 0204 0301 0303 0403 0201 0004 0204 0302 0201 0001 0202 0402 0303 0104 0102 0402 0404 0101 0102 0103 0204 0404 0102 0203 0302 0201 0304 0102 0302 0401 0202 0402 0102 0204 0200 0103 0203 0203 0103 0101 0404 0004 0203 0204 0202 0200 0102 0202 0203 0203 0402 0204
49 , 0401 0201 0001 0004 0101 0303 0204 0101 0101 0003 0202 0004 0102 0301 0203 0400 0202 0004 0004 0104 0401 0402 0103 0203 0101 0200 0104 0301 0200 0401 0303 0003 0401 0002 0204 0302 0201 0201 0202 0404 0103 0104 0402 0202 0404 0301 0102 0103 0200 0004 0102 0202 0302 0201 0303 0402 0302 0401 0202 0402 0102 0301 0303 0103 0203 0101 0003 0101 0003 0104 0203 0204 0302 0202 0002 0202 0203 0200 0001 0204 0400 0201 0301 0404 0101 0403 0204 0100 0101 0102 0200 0104 0302 0304 0200 0402 0202 0404 0404 0104 0401 0402 0103 0204 0301 0302 0104 0301 0004 0401 0401 0404 0201 0400 0204 0402 0001 0201 0102 0301 0103 0104 0102 0402 0402 0301 0102 0103 0204 0404 0102 0203 0302 0201 0301 0002 0302 0401 0201 0002 0002 0301 0303 0103 0203 0203 0203 0001 0200 0100 0203 0004 0202 0002 0102 0200 0203 0201 0400 0200
50 , 0401 0201 0301 0104 0104 0403 0104 0101 0101 0103 0203 0104 0002 0201 0200 0400 0202 0300 0404 0104 0201 0402 0103 0202 0101 0203 0100 0301 0204 0401 0303 0403 0201 0404 0004 0302 0001 0201 0202 0402 0100 0000 0102 0402 0404 0301 0002 0103 0204 0404 0102 0203 0302 0201 0304 0101 0302 0001 0202 0402 0102 0300 0303 0103 0203 0203 0203 0101 0403 0004 0201 0204 0203 0200 0102 0202 0203 0201 0401 0304 0001 0201 0301 0404 0104 0403 0304 0101 0101 0103 0203 0104 0102 0301 0203 0102 0202 0004 0404 0100 0401 0002 0003 0203 0101 0201 0100 0301 0004 0001 0303 0003 0201 0004 0204 0300 0401 0301 0202 0002 0103 0404 0102 0402 0404 0300 0104 0103 0204 0402 0102 0203 0302 0201 0304 0100 0002 0401 0202 0402 0100 0301 0003 0103 0203 0203 0203 0101 0003 0104 0201 0304 0203 0202 0102 0202 0200 0203 0404 0304