Generated genotype output
1
2
3
4
5
6
7
8
9
10
11
12
13
14
15
16
17
18
19
20
21
22
23
24
25
26
27
28
29
30
31
32
33
34
35
36
37
38
39
40
41
42
43
44
45
46
47
48
49
50
51
52
53
54
55
56
57
58
59
60
61
62
63
64
65
66
67
68
69
70
71
72
73
74
75
76
77
78
79
80
Pop
1 , 0201 0302 0103 0104 0002 0404 0204 0400 0404 0301 0304 0004 0302 0202 0102 0203 0304 0301 0302 0101 0303 0203 0403 0102 0101 0104 0103 0302 0403 0400 0203 0203 0402 0202 0302 0402 0102 0300 0202 0204 0201 0301 0103 0404 0302 0404 0204 0103 0404 0301 0304 0104 0302 0000 0104 0403 0304 0301 0302 0101 0303 0200 0403 0202 0101 0104 0103 0302 0001 0401 0203 0203 0402 0202 0402 0402 0102 0301 0202 0200
2 , 0202 0302 0100 0404 0002 0404 0204 0200 0404 0301 0304 0103 0302 0302 0104 0103 0200 0401 0102 0102 0300 0203 0403 0202 0101 0104 0103 0302 0402 0001 0203 0200 0402 0202 0002 0400 0104 0301 0202 0204 0001 0302 0103 0404 0303 0404 0204 0103 0404 0301 0304 0102 0402 0302 0104 0003 0304 0401 0302 0101 0303 0200 0403 0202 0101 0104 0103 0302 0103 0402 0203 0203 0404 0200 0302 0402 0102 0301 0102 0204
3 , 0201 0301 0003 0404 0302 0404 0204 0103 0404 0301 0304 0000 0002 0302 0104 0403 0304 0001 0300 0101 0303 0203 0403 0000 0101 0104 0103 0300 0403 0401 0203 0203 0402 0202 0302 0402 0102 0301 0202 0204 0200 0002 0103 0404 0302 0200 0204 0103 0204 0301 0304 0404 0302 0302 0104 0403 0300 0401 0304 0101 0003 0100 0400 0202 0101 0104 0100 0304 0403 0301 0103 0203 0403 0002 0303 0402 0100 0301 0202 0204
4 , 0201 0302 0103 0404 0300 0404 0200 0103 0004 0301 0304 0104 0302 0302 0104 0003 0304 0203 0302 0101 0303 0201 0100 0204 0101 0104 0103 0302 0403 0001 0203 0203 0402 0202 0002 0402 0102 0100 0202 0204 0204 0302 0103 0404 0300 0404 0204 0000 0204 0301 0304 0104 0302 0402 0104 0403 0104 0402 0302 0102 0203 0204 0403 0102 0001 0004 0003 0301 0403 0401 0403 0203 0402 0202 0302 0402 0102 0404 0202 0404
5 , 0201 0302 0103 0400 0302 0404 0204 0103 0004 0301 0004 0104 0302 0302 0101 0403 0304 0401 0300 0101 0003 0203 0302 0202 0401 0102 0103 0302 0303 0401 0203 0200 0102 0202 0302 0402 0102 0301 0202 0201 0201 0302 0103 0404 0102 0404 0204 0003 0004 0301 0404 0101 0300 0202 0104 0404 0304 0101 0302 0101 0302 0203 0403 0202 0101 0104 0103 0302 0403 0401 0202 0203 0002 0202 0302 0402 0102 0301 0202 0202
6 , 0201 0300 0103 0404 0402 0004 0204 0103 0400 0300 0304 0004 0302 0302 0104 0403 0104 0401 0302 0103 0300 0200 0400 0202 0101 0104 0103 0302 0403 0401 0203 0200 0402 0202 0301 0402 0202 0301 0202 0204 0203 0302 0103 0404 0302 0404 0204 0103 0404 0300 0104 0104 0000 0302 0104 0103 0304 0400 0002 0101 0303 0203 0403 0202 0101 0104 0101 0302 0403 0404 0203 0203 0402 0202 0302 0402 0100 0100 0202 0204
7 , 0201 0302 0103 0402 0002 0004 0004 0103 0004 0301 0304 0100 0302 0002 0104 0403 0304 0401 0302 0101 0303 0403 0403 0202 0100 0104 0103 0302 0400 0401 0203 0203 0402 0002 0302 0400 0100 0301 0202 0100 0201 0302 0103 0404 0302 0404 0204 0103 0404 0301 0304 0104 0302 0302 0104 0403 0304 0401 0002 0102 0303 0203 0403 0202 0101 0004 0103 0302 0403 0401 0203 0203 0402 0202 0302 0402 0102 0301 0203 0204
8 , 0200 0302 0103 0404 0302 0404 0004 0103 0004 0300 0304 0104 0302 0303 0104 0403 0100 0401 0302 0101 0300 0003 0403 0201 0101 0004 0103 0302 0403 0401 0003 0203 0402 0402 0302 0402 0102 0001 0302 0000 0200 0301 0003 0404 0002 0402 0204 0103 0404 0001 0304 0104 0302 0303 0104 0303 0303 0400 0302 0201 0303 0200 0403 0002 0101 0004 0103 0302 0403 0401 0200 0200 0402 0202 0004 0402 0102 0301 0202 0204
9 , 0201 0302 0103 0401 0302 0404 0204 0100 0404 0301 0304 0104 0302 0302 0404 0403 0304 0401 0302 0101 0303 0203 0403 0202 0101 0104 0101 0302 0401 0401 0203 0203 0402 0200 0302 0400 0102 0301 0202 0204 0401 0302 0103 0201 0302 0404 0204 0103 0404 0001 0304 0304 0302 0302 0100 0403 0404 0401 0302 0104 0300 0203 0403 0203 0101 0103 0403 0300 0002 0400 0200 0203 0402 0202 0302 0402 0102 0301 0202 0204
10 , 0201 0301 0104 0404 0303 0404 0204 0103 0004 0401 0304 0104 0302 0302 0104 0303 0404 0203 0302 0100 0303 0000 0103 0202 0101 0104 0103 0302 0403 0402 0203 0203 0402 0101 0302 0402 0102 0001 0202 0204 0201 0302 0103 0004 0302 0404 0200 0103 0404 0301 0304 0104 0102 0100 0404 0403 0304 0401 0302 0101 0103 0203 0403 0202 0101 0004 0103 0000 0400 0401 0200 0202 0002 0402 0302 0400 0104 0301 0402 0004
11 , 0201 0002 0100 0404 0302 0303 0204 0103 0404 0001 0304 0104 0304 0302 0004 0003 0300 0401 0302 0102 0303 0203 0400 0202 0101 0104 0103 0302 0003 0401 0203 0203 0402 0302 0302 0402 0102 0301 0202 0204 0201 0300 0100 0402 0302 0404 0203 0103 0004 0301 0304 0104 0302 0302 0100 0303 0304 0101 0302 0101 0303 0203 0403 0202 0101 0104 0103 0300 0403 0401 0201 0203 0402 0202 0302 0401 0402 0301 0204 0204
12 , 0201 0302 0103 0404 0302 0404 0004 0100 0404 0301 0304 0104 0002 0300 0104 0403 0204 0401 0000 0001 0003 0203 0403 0202 0100 0104 0103 0302 0402 0401 0203 0003 0400 0202 0002 0202 0104 0301 0202 0204 0201 0303 0101 0004 0300 0404 0204 0100 0404 0301 0300 0104 0302 0302 0102 0403 0304 0203 0300 0101 0303 0201 0003 0202 0101 0100 0103 0002 0403 0401 0203 0203 0400 0202 0302 0402 0102 0100 0202 0204
13 , 0201 0302 0003 0404 0300 0004 0204 0103 0404 0301 0204 0204 0302 0302 0104 0403 0304 0401 0302 0101 0303 0203 0403 0202 0101 0104 0101 0302 0003 0404 0203 0103 0402 0102 0300 0400 0002 0001 0202 0204 0201 0300 0103 0404 0102 0404 0204 0103 0004 0301 0300 0004 0302 0302 0104 0400 0100 0401 0302 0101 0303 0203 0403 0202 0001 0104 0100 0302 0403 0401 0204 0203 0402 0202 0302 0402 0102 0201 0202 0204
14 , 0200 0302 0103 0404 0302 0304 0004 0103 0404 0301 0300 0004 0304 0300 0101 0403 0304 0401 0002 0103 0403 0200 0404 0002 0101 0101 0103 0002 0403 0001 0203 0203 0402 0002 0402 0402 0100 0301 0202 0204 0302 0302 0103 0004 0300 0400 0204 0103 0004 0001 0304 0103 0302 0302 0104 0303 0204 0401 0102 0002 0303 0203 0400 0202 0101 0104 0103 0302 0002 0401 0303 0203 0402 0202 0002 0402 0102 0301 0204 0204
15 , 0001 0300 0100 0404 0300 0404 0204 0103 0404 0301 0300 0104 0302 0302 0104 0003 0304 0001 0302 0101 0003 0203 0003 0202 0101 0104 0303 0300 0003 0401 0403 0203 0402 0202 0302 0002 0102 0001 0102 0200 0201 0302 0103 0404 0002 0404 0204 0103 0404 0301 0300 0104 0302 0304 0104 0403 0304 0400 0302 0101 0303 0203 0403 0202 0100 0104 0103 0300 0400 0301 0203 0103 0200 0202 0302 0401 0102 0301 0202 0204
16 , 0001 0402 0102 0404 0302 0404 0204 0103 0001 0301 0404 0104 0302 0002 0104 0403 0304 0401 0302 0103 0304 0403 0403 0200 0101 0104 0103 0002 0403 0300 0203 0203 0402 0204 0003 0402 0100 0301 0202 0204 0201 0302 0103 0004 0302 0404 0204 0103 0404 0301 0304 0004 0302 0302 0104 0403 0304 0301 0302 0101 0103 0203 0403 0202 0101 0102 0103 0302 0103 0401 0203 0002 0402 0202 0302 0402 0102 0301 0202 0204
17 , 0200 0102 0103 0401 0302 0404 0200 0103 0404 0303 0304 0104 0300 0302 0104 0403 0300 0401 0302 0102 0303 0203 0403 0202 0101 0104 0103 0002 0403 0401 0202 0203 0402 0202 0302 0402 0102 0401 0202 0204 0201 0102 0200 0404 0302 0404 0204 0102 0104 0301 0304 0104 0302 0302 0003 0400 0304 0401 0302 0101 0303 0200 0003 0202 0101 0104 0303 0302 0403 0101 0003 0203 0402 0202 0302 0402 0002 0301 0002 0204
18 , 0401 0302 0100 0404 0302 0404 0204 0103 0404 0401 0304 0104 0302 0300 0104 0403 0004 0402 0302 0101 0303 0203 0403 0204 0401 0304 0000 0302 0103 0401 0203 0203 0400 0202 0300 0401 0102 0000 0202 0204 0201 0302 0303 0402 0002 0404 0304 0003 0400 0101 0304 0104 0302 0302 0104 0403 0304 0401 0302 0101 0303 0103 0003 0202 0201 0103 0103 0302 0401 0400 0203 0203 0400 0202 0303 0402 0102 0301 0202 0204
19 , 0201 0302 0203 0104 0302 0404 0004 0100 0404 0301 0404 0104 0302 0302 0104 0403 0104 0401 0302 0101 0303 0200 0403 0202 0101 0004 0403 0302 0400 0401 0203 0203 0402 0202 0102 0002 0102 0300 0002 0404 0201 0002 0203 0104 0302 0404 0204 0100 0400 0301 0004 0104 0302 0302 0103 0403 0104 0401 0302 0101 0303 0202 0403 0002 0101 0004 0100 0302 0403 0401 0203 0200 0402 0202 0100 0402 0102 0301 0202 0204
20 , 0201 0302 0103 0204 0002 0404 0204 0103 0404 0000 0304 0103 0302 0302 0104 0403 0304 0401 0002 0101 0301 0203 0403 0202 0100 0100 0003 0002 0403 0401 0203 0303 0402 0202 0302 0402 0100 0302 0202 0204 0202 0302 0103 0404 0402 0400 0204 0103 0104 0001 0304 0103 0002 0001 0104 0003 0304 0401 0002 0201 0303 0203 0402 0202 0101 0104 0101 0402 0402 0404 0203 0003 0402 0202 0302 0202 0102 0301 0202 0204
21 , 0201 0302 0003 0404 0302 0404 0204 0103 0404 0302 0304 0104 0302 0100 0304 0004 0304 0401 0302 0101 0303 0003 0403 0202 0104 0004 0103 0302 0003 0401 0203 0003 0402 0002 0302 0402 0002 0201 0202 0204 0201 0300 0103 0404 0102 0404 0204 0103 0404 0301 0404 0104 0101 0302 0104 0403 0304 0401 0302 0101 0300 0203 0403 0002 0101 0100 0303 0302 0403 0401 0403 0003 0401 0202 0302 0102 0302 0301 0202 0203
22 , 0201 0302 0104 0404 0302 0404 0204 0103 0004 0304 0304 0104 0002 0300 0104 0403 0304 0401 0302 0100 0303 0203 0403 0202 0101 0104 0103 0302 0403 0001 0203 0003 0402 0202 0302 0402 0102 0301 0202 0204 0201 0304 0403 0404 0300 0404 0200 0103 0404 0301 0004 0104 0302 0302 0404 0403 0304 0001 0302 0100 0303 0203 0403 0203 0101 0103 0104 0003 0401 0401 0203 0203 0002 0202 0302 0402 0102 0301 0202 0201
23 , 0201 0302 0103 0404 0302 0404 0204 0103 0404 0001 0304 0104 0300 0302 0103 0403 0404 0401 0300 0101 0303 0203 0403 0202 0101 0104 0103 0302 0403 0401 0203 0203 0202 0202 0302 0402 0402 0301 0202 0204 0401 0402 0103 0404 0304 0404 0204 0003 0404 0300 0300 0100 0300 0302 0104 0403 0304 0101 0302 0401 0303 0200 0400 0202 0100 0104 0100 0302 0403 0401 0203 0203 0002 0203 0300 0402 0102 0301 0202 0204
24 , 0401 0302 0100 0404 0102 0304 0200 0003 0404 0301 0304 0104 0302 0302 0104 0403 0304 0001 0302 0101 0303 0203 0403 0302 0101 0104 0103 0302 0403 0401 0203 0203 0402 0202 0002 0402 0102 0301 0202 0204 0201 0302 0103 0404 0302 0400 0204 0103 0400 0001 0000 0104 0302 0000 0104 0403 0304 0101 0302 0101 0303 0203 0403 0201 0101 0104 0103 0302 0403 0401 0203 0203 0400 0202 0002 0401 0402 0301 0204 0204
25 , 0201 0302 0003 0204 0102 0404 0204 0103 0404 0301 0004 0104 0302 0302 0104 0103 0002 0401 0002 0304 0303 0203 0403 0202 0101 0104 0003 0302 0403 0401 0201 0200 0402 0202 0300 0402 0104 0301 0202 0204 0401 0302 0104 0404 0302 0400 0204 0103 0404 0001 0404 0104 0302 0302 0104 0403 0004 0001 0302 0101 0303 0203 0000 0202 0101 0104 0103 0302 0403 0401 0203 0203 0402 0202 0302 0402 0100 0301 0202 0204
26 , 0201 0302 0103 0404 0302 0404 0204 0103 0404 0301 0304 0100 0300 0002 0102 0403 0300 0401 0302 0101 0300 0203 0403 0302 0100 0104 0101 0302 0403 0401 0203 0303 0200 0202 0302 0002 0102 0202 0202 0204 0201 0202 0103 0400 0402 0400 0204 0100 0104 0301 0304 0104 0302 0302 0104 0403 0304 0001 0302 0101 0304 0203 0402 0202 0101 0104 0103 0302 0403 0301 0201 0203 0402 0102 0400 0402 0102 0301 0102 0204
27 , 0101 0302 0103 0402 0202 0004 0204 0104 0404 0301 0100 0100 0302 0002 0104 0403 0304 0200 0302 0101 0303 0203 0403 0202 0000 0100 0101 0302 0403 0402 0203 0003 0402 0202 0302 0400 0101 0301 0202 0300 0201 0302 0103 0404 0002 0404 0204 0003 0404 0301 0304 0104 0000 0302 0104 0400 0104 0401 0302 0101 0303 0200 0403 0002 0101 0104 0103 0302 0403 0401 0203 0203 0402 0202 0300 0402 0102 0301 0202 0204
28 , 0201 0302 0103 0004 0000 0300 0204 0103 0404 0301 0302 0103 0400 0302 0104 0401 0304 0401 0302 0101 0303 0003 0403 0202 0101 0104 0103 0002 0403 0401 0203 0203 0402 0200 0302 0402 0102 0301 0202 0203 0001 0300 0103 0401 0304 0404 0202 0203 0400 0304 0304 0104 0302 0002 0100 0002 0304 0401 0300 0100 0302 0203 0403 0202 0001 0104 0003 0302 0401 0401 0203 0203 0401 0202 0302 0402 0100 0301 0202 0404
29 , 0201 0302 0103 0004 0202 0404 0304 0103 0304 0301 0304 0104 0302 0302 0104 0403 0304 0001 0302 0101 0303 0203 0403 0201 0001 0104 0103 0302 0303 0001 0203 0203 0402 0202 0001 0302 0102 0303 0202 0204 0201 0300 0000 0404 0302 0404 0204 0100 0400 0101 0300 0100 0300 0302 0104 0402 0204 0401 0302 0101 0303 0203 0003 0202 0101 0104 0103 0302 0403 0001 0200 0203 0402 0200 0301 0400 0100 0301 0202 0104
30 , 0201 0302 0103 0400 0302 0404 0204 0104 0404 0003 0304 0104 0302 0302 0104 0403 0000 0101 0002 0101 0303 0200 0403 0202 0101 0104 0103 0302 0402 0401 0203 0203 0002 0202 0302 0102 0002 0301 0202 0204 0201 0303 0100 0404 0302 0404 0204 0103 0004 0300 0004 0100 0002 0302 0404 0400 0304 0204 0002 0101 0303 0203 0401 0202 0203 0100 0103 0302 0403 0401 0200 0203 0402 0200 0002 0402 0100 0301 0202 0204
31 , 0202 0002 0103 0404 0302 0404 0204 0003 0400 0301 0300 0104 0202 0302 0104 0403 0104 0401 0302 0101 0303 0303 0403 0202 0201 0104 0103 0302 0403 0201 0203 0203 0200 0200 0202 0402 0102 0301 0001 0204 0201 0302 0103 0404 0104 0404 0004 0103 0401 0001 0304 0104 0302 0302 0104 0402 0304 0201 0302 0101 0303 0203 0400 0202 0101 0000 0103 0302 0403 0301 0203 0303 0402 0202 0302 0402 0102 0301 0202 0204
32 , 0001 0302 0103 0404 0002 0404 0204 0103 0404 0300 0304 0104 0302 0302 0104 0203 0302 0401 0302 0101 0203 0203 0400 0202 0101 0104 0103 0302 0400 0401 0203 0203 0402 0203 0302 0102 0202 0301 0203 0204 0201 0302 0103 0004 0302 0404 0204 0103 0004 0301 0304 0104 0302 0302 0104 0403 0304 0401 0202 0101 0303 0203 0400 0202 0101 0104 0103 0000 0403 0401 0203 0203 0402 0202 0302 0402 0002 0200 0202 0204
33 , 0201 0000 0103 0404 0302 0404 0204 0000 0004 0301 0304 0104 0302 0302 0104 0103 0004 0001 0302 0001 0303 0203 0403 0202 0001 0100 0101 0302 0403 0404 0203 0403 0402 0202 0302 0402 0100 0304 0201 0204 0201 0002 0203 0404 0002 0404 0004 0103 0404 0301 0004 0102 0002 0302 0003 0403 0304 0001 0302 0101 0303 0303 0403 0202 0101 0104 0300 0302 0401 0101 0203 0203 0402 0202 0302 0402 0102 0301 0202 0004
34 , 0201 0302 0103 0404 0302 0404 0204 0303 0404 0301 0304 0104 0302 0302 0104 0400 0304 0401 0302 0000 0003 0203 0403 0202 0101 0100 0103 0302 0403 0401 0203 0000 0402 0202 0302 0402 0102 0303 0203 0004 0201 0302 0103 0404 0302 0303 0204 0103 0404 0300 0304 0104 0302 0302 0104 0403 0304 0203 0302 0101 0303 0001 0103 0202 0001 0104 0103 0302 0403 0401 0203 0203 0402 0202 0301 0402 0102 0101 0202 0204
35 , 0201 0303 0103 0004 0202 0404 0204 0003 0404 0301 0304 0204 0302 0302 0104 0403 0101 0401 0302 0000 0303 0203 0403 0202 0201 0004 0103 0002 0403 0402 0203 0203 0002 0202 0400 0402 0104 0301 0202 0204 0200 0302 0303 0400 0300 0404 0203 0104 0004 0301 0304 0104 0302 0302 0104 0400 0304 0403 0302 0101 0303 0202 0403 0402 0101 0104 0103 0300 0403 0401 0203 0203 0402 0202 0302 0002 0102 0301 0202 0204
36 , 0201 0102 0103 0404 0302 0404 0204 0103 0404 0301 0304 0102 0302 0302 0404 0403 0304 0400 0302 0001 0003 0200 0403 0202 0101 0104 0101 0300 0401 0401 0003 0203 0402 0002 0302 0400 0104 0301 0202 0204 0000 0002 0103 0404 0202 0402 0404 0103 0400 0101 0304 0100 0302 0302 0204 0403 0301 0401 0303 0001 0304 0403 0403 0202 0101 0104 0003 0302 0403 0400 0204 0203 0402 0202 0304 0402 0102 0301 0202 0204
37 , 0201 0302 0103 0404 0300 0404 0204 0103 0204 0101 0304 0104 0302 0302 0100 0303 0300 0402 0302 0101 0300 0203 0403 0202 0101 0301 0103 0302 0201 0401 0203 0203 0403 0203 0000 0402 0102 0301 0003 0204 0201 0304 0000 0204 0402 0204 0202 0103 0004 0001 0304 0104 0302 0402 0104 0003 0304 0401 0302 0101 0303 0203 0403 0202 0101 0104 0003 0302 0003 0301 0201 0200 0402 0202 0101 0402 0101 0301 0202 0204
38 , 0101 0300 0103 0400 0302 0204 0204 0103 0404 0301 0304 0404 0302 0302 0104 0403 0304 0001 0002 0101 0403 0203 0403 0202 0101 0104 0103 0302 0003 0401 0003 0203 0402 0202 0002 0402 0102 0301 0202 0204 0201 0302 0403 0404 0302 0404 0204 0103 0404 0301 0302 0104 0300 0302 0104 0300 0301 0000 0300 0101 0003 0203 0003 0200 0001 0104 0003 0302 0403 0401 0203 0203 0402 0202 0304 0401 0002 0001 0204 0204
39 , 0001 0302 0103 0404 0302 0000 0204 0003 0404 0301 0304 0104 0302 0302 0104 0403 0104 0401 0402 0101 0000 0203 0403 0202 0100 0104 0103 0300 0403 0401 0203 0200 0402 0202 0302 0402 0102 0302 0202 0204 0201 0302 0004 0404 0202 0004 0204 0103 0404 0300 0304 0101 0402 0302 0104 0403 0304 0401 0302 0101 0103 0003 0403 0202 0101 0104 0103 0402 0103 0401 0203 0202 0402 0202 0300 0402 0100 0301 0202 0204
40 , 0203 0302 0100 0404 0302 0404 0204 0103 0404 0301 0304 0104 0300 0302 0100 0003 0104 0401 0300 0101 0103 0203 0003 0002 0401 0104 0103 0300 0403 0401 0203 0000 0402 0202 0302 0402 0102 0301 0002 0204 0201 0302 0103 0400 0301 0404 0204 0103 0400 0301 0304 0004 0302 0300 0304 0403 0304 0404 0302 0101 0403 0203 0403 0202 0100 0101 0103 0302 0403 0401 0203 0203 0002 0202 0302 0001 0102 0001 0202 0204
41 , 0001 0302 0100 0404 0302 0404 0204 0103 0404 0101 0304 0104 0302 0300 0104 0403 0304 0402 0302 0101 0302 0203 0300 0202 0101 0101 0103 0300 0203 0401 0200 0203 0003 0202 0302 0402 0102 0300 0203 0200 0301 0302 0303 0400 0102 0404 0204 0103 0404 0301 0104 0104 0302 0002 0104 0203 0304 0401 0402 0101 0303 0203 0403 0202 0201 0204 0103 0102 0403 0301 0200 0303 0400 0202 0000 0402 0102 0301 0000 0004
42 , 0204 0002 0103 0404 0302 0400 0204 0103 0104 0301 0304 0103 0302 0002 0101 0400 0304 0001 0302 0101 0300 0203 0302 0202 0101 0102 0103 0302 0303 0401 0203 0203 0402 0202 0302 0004 0102 0301 0202 0004 0201 0302 0103 0404 0302 0404 0204 0103 0404 0001 0302 0104 0302 0102 0104 0403 0304 0401 0302 0101 0301 0203 0003 0202 0301 0100 0103 0302 0003 0401 0203 0203 0402 0302 0302 0402 0100 0301 0202 0204
43 , 0201 0300 0103 0400 0302 0404 0204 0100 0404 0301 0300 0204 0302 0302 0104 0403 0304 0001 0302 0101 0303 0202 0403 0000 0101 0204 0103 0300 0403 0401 0203 0203 0402 0202 0302 0402 0102 0001 0100 0203 0201 0303 0102 0404 0302 0404 0204 0103 0404 0100 0304 0204 0302 0302 0104 0403 0304 0402 0302 0001 0303 0203 0403 0302 0001 0301 0100 0302 0203 0401 0203 0200 0400 0200 0302 0402 0202 0301 0302 0204
44 , 0200 0302 0103 0404 0302 0404 0200 0103 0404 0301 0302 0204 0302 0300 0204 0403 0304 0201 0302 0101 0304 0103 0403 0002 0101 0104 0103 0302 0403 0400 0103 0003 0402 0202 0302 0401 0102 0301 0202 0204 0201 0302 0101 0404 0301 0404 0204 0403 0404 0001 0300 0100 0002 0303 0104 0403 0002 0400 0302 0100 0001 0203 0403 0202 0100 0104 0003 0302 0203 0004 0200 0003 0002 0202 0300 0402 0102 0301 0201 0204
45 , 0201 0002 0100 0404 0302 0404 0004 0103 0404 0300 0304 0100 0300 0300 0104 0403 0400 0401 0302 0101 0303 0203 0403 0202 0101 0400 0103 0302 0403 0401 0203 0203 0402 0202 0002 0402 0102 0201 0202 0204 0001 0302 0201 0404 0300 0304 0004 0103 0404 0001 0300 0104 0002 0202 0104 0203 0302 0401 0302 0101 0303 0203 0401 0200 0001 0104 0103 0302 0003 0401 0203 0203 0402 0203 0002 0102 0202 0301 0203 0204
46 , 0201 0302 0103 0404 0302 0404 0204 0100 0404 0300 0304 0104 0302 0302 0104 0403 0104 0400 0302 0001 0301 0203 0403 0202 0301 0104 0103 0302 0403 0401 0203 0203 0402 0204 0302 0402 0002 0301 0202 0204 0201 0302 0100 0400 0303 0404 0003 0103 0404 0301 0000 0104 0000 0302 0004 0103 0304 0401 0302 0104 0303 0203 0400 0202 0101 0104 0103 0302 0402 0400 0200 0103 0002 0202 0301 0400 0402 0302 0200 0004
47 , 0401 0302 0103 0404 0102 0404 0204 0203 0404 0301 0304 0104 0302 0302 0104 0403 0304 0401 0302 0101 0003 0203 0403 0202 0101 0104 0103 0302 0403 0401 0203 0303 0402 0002 0102 0402 0202 0301 0204 0204 0201 0302 0103 0404 0302 0404 0204 0103 0404 0301 0304 0104 0300 0302 0104 0403 0300 0401 0302 0101 0303 0003 0003 0202 0101 0104 0101 0302 0401 0401 0203 0203 0402 0202 0302 0402 0002 0301 0202 0204
48 , 0201 0302 0101 0404 0002 0403 0200 0103 0004 0301 0304 0104 0302 0302 0104 0103 0304 0400 0102 0304 0303 0203 0403 0202 0101 0104 0103 0302 0400 0401 0203 0200 0402 0202 0301 0400 0202 0301 0202 0204 0401 0302 0103 0201 0302 0404 0204 0303 0404 0301 0304 0304 0302 0402 0104 0403 0404 0400 0302 0104 0300 0203 0403 0202 0101 0103 0103 0302 0403 0401 0203 0201 0402 0202 0302 0002 0102 0301 0202 0004
49 , 0001 0002 0103 0004 0300 0404 0204 0100 0404 0301 0304 0104 0002 0002 0100 0403 0304 0402 0300 0101 0304 0303 0403 0200 0101 0004 0103 0102 0403 0401 0203 0202 0402 0202 0302 0402 0102 0301 0202 0204 0201 0302 0103 0404 0302 0404 0204 0100 0404 0201 0304 0104 0302 0302 0104 0403 0304 0401 0302 0001 0303 0203 0403 0202 0201 0104 0101 0300 0003 0404 0203 0203 0402 0202 0302 0400 0100 0301 0202 0204
50 , 0200 0104 0103 0404 0300 0404 0204 0103 0404 0301 0304 0104 0302 0301 0203 0403 0304 0301 0302 0101 0303 0203 0403 0200 0101 0004 0103 0302 0403 0403 0203 0003 0400 0202 0302 0400 0102 0301 0200 0202 0201 0302 0103 0404 0302 0404 0204 0101 0404 0001 0304 0202 0302 0302 0004 0403 0304 0400 0302 0101 0303 0203 0404 0002 0101 0100 0103 0304 0103 0401 0203 0203 0402 0202 0302 0302 0103 0301 0102 0204
51 , 0001 0302 0103 0404 0302 0404 0204 0103 0400 0301 0304 0004 0302 0302 0104 0400 0304 0401 0002 0101 0301 0203 0403 0202 0400 0300 0103 0302 0403 0401 0201 0303 0102 0202 0102 0400 0100 0301 0102 0204 0201 0302 0003 0404 0302 0400 0204 0103 0404 0301 0304 0104 0302 0302 0100 0403 0104 0401 0000 0001 0003 0203 0403 0202 0100 0100 0103 0302 0400 0000 0204 0203 0401 0202 0300 0402 0102 0301 0202 0204
52 , 0200 0302 0103 0404 0302 0404 0204 0103 0004 0301 0204 0104 0302 0302 0100 0103 0304 0401 0302 0101 0300 0203 0403 0200 0104 0304 0101 0302 0400 0400 0203 0203 0402 0002 0004 0402 0002 0304 0202 0204 0201 0402 0100 0003 0303 0004 0204 0104 0404 0303 0004 0100 0302 0002 0104 0403 0304 0001 0302 0003 0303 0203 0003 0202 0401 0104 0103 0302 0402 0401 0203 0203 0402 0202 0302 0102 0100 0301 0202 0204
53 , 0201 0003 0103 0404 0302 0402 0204 0103 0004 0301 0304 0104 0002 0302 0104 0300 0300 0400 0302 0101 0303 0202 0003 0202 0101 0104 0103 0302 0403 0401 0103 0203 0202 0202 0302 0400 0102 0301 0202 0204 0200 0302 0100 0403 0302 0400 0202 0300 0404 0301 0300 0404 0002 0302 0104 0403 0304 0401 0302 0101 0203 0203 0403 0202 0001 0000 0404 0300 0403 0401 0202 0200 0402 0202 0302 0402 0102 0301 0202 0204
54 , 0201 0302 0103 0404 0302 0404 0204 0303 0400 0301 0304 0004 0302 0302 0104 0403 0304 0001 0300 0101 0303 0302 0403 0202 0102 0104 0103 0302 0403 0401 0103 0203 0402 0202 0302 0402 0102 0401 0202 0204 0201 0302 0103 0004 0302 0404 0204 0103 0404 0301 0304 0004 0302 0302 0100 0404 0304 0402 0302 0001 0303 0103 0403 0202 0001 0104 0103 0301 0403 0401 0203 0203 0402 0202 0302 0402 0102 0301 0202 0204
55 , 0201 0302 0103 0404 0302 0401 0204 0103 0204 0101 0304 0104 0302 0302 0304 0403 0304 0403 0302 0101 0303 0201 0403 0302 0101 0104 0100 0002 0201 0401 0203 0203 0402 0000 0302 0402 0102 0301 0200 0304 0401 0303 0103 0201 0302 0400 0204 0103 0004 0301 0300 0004 0302 0300 0004 0403 0404 0400 0302 0104 0303 0203 0403 0202 0100 0004 0103 0000 0403 0401 0203 0203 0402 0202 0302 0402 0102 0101 0002 0200
56 , 0201 0302 0103 0404 0304 0302 0204 0103 0404 0301 0004 0004 0302 0302 0104 0403 0004 0401 0302 0100 0303 0203 0403 0202 0101 0100 0103 0302 0003 0401 0203 0200 0402 0202 0303 0002 0102 0304 0200 0204 0001 0003 0103 0402 0300 0404 0204 0103 0400 0301 0304 0104 0302 0302 0104 0300 0300 0101 0302 0101 0303 0203 0400 0202 0102 0104 0103 0302 0403 0401 0203 0203 0402 0202 0304 0401 0402 0301 0201 0204
57 , 0201 0302 0103 0404 0302 0204 0204 0103 0404 0301 0300 0104 0302 0302 0004 0403 0304 0301 0300 0101 0303 0203 0403 0202 0101 0304 0103 0302 0403 0301 0203 0200 0202 0204 0302 0402 0102 0300 0202 0204 0201 0303 0103 0404 0302 0004 0204 0100 0404 0301 0304 0304 0302 0300 0104 0403 0304 0204 0302 0101 0303 0201 0403 0202 0101 0104 0103 0302 0400 0400 0203 0203 0402 0304 0202 0402 0102 0301 0200 0204
58 , 0201 0302 0403 0404 0002 0404 0200 0401 0404 0301 0300 0204 0302 0004 0100 0403 0304 0401 0302 0101 0303 0203 0403 0202 0101 0104 0103 0302 0403 0201 0403 0203 0402 0201 0302 0402 0102 0001 0202 0204 0201 0302 0403 0404 0302 0404 0004 0103 0404 0001 0304 0104 0302 0302 0004 0400 0304 0401 0302 0101 0303 0203 0403 0202 0001 0104 0101 0302 0403 0401 0203 0203 0402 0002 0302 0002 0102 0301 0202 0004
59 , 0000 0000 0103 0404 0300 0404 0204 0103 0404 0201 0004 0104 0302 0302 0104 0403 0300 0400 0300 0101 0303 0400 0400 0202 0101 0204 0102 0302 0403 0401 0203 0200 0402 0202 0302 0402 0102 0300 0202 0404 0200 0302 0103 0404 0302 0004 0204 0203 0404 0301 0004 0104 0302 0102 0004 0403 0100 0404 0302 0101 0303 0103 0203 0202 0201 0004 0103 0302 0403 0401 0201 0203 0402 0202 0102 0402 0102 0301 0202 0204
60 , 0201 0302 0102 0404 0302 0100 0201 0103 0404 0101 0304 0304 0302 0400 0104 0403 0304 0401 0302 0101 0303 0203 0403 0202 0101 0101 0103 0202 0403 0401 0203 0203 0402 0402 0202 0402 0102 0301 0202 0004 0201 0202 0103 0304 0302 0001 0204 0103 0204 0101 0004 0104 0302 0002 0104 0003 0304 0404 0302 0102 0303 0203 0403 0202 0101 0104 0103 0302 0203 0401 0203 0203 0402 0202 0302 0402 0102 0301 0202 0304
61 , 0001 0302 0103 0200 0302 0404 0204 0103 0404 0301 0304 0104 0002 0302 0104 0403 0304 0401 0302 0403 0303 0203 0403 0002 0401 0104 0101 0302 0403 0400 0203 0203 0402 0202 0302 0402 0102 0301 0202 0204 0001 0302 0100 0402 0102 0404 0404 0103 0404 0301 0304 0100 0002 0302 0104 0403 0304 0201 0302 0001 0303 0203 0203 0402 0101 0104 0103 0302 0103 0401 0203 0203 0400 0202 0302 0302 0102 0301 0002 0204
62 , 0201 0302 0100 0404 0000 0404 0204 0104 0404 0302 0304 0104 0302 0102 0300 0403 0304 0401 0302 0101 0303 0200 0402 0202 0101 0104 0103 0302 0403 0401 0203 0203 0402 0202 0302 0102 0102 0301 0202 0204 0201 0302 0303 0404 0300 0404 0204 0103 0404 0301 0304 0404 0302 0302 0104 0403 0304 0401 0302 0100 0203 0200 0403 0202 0101 0104 0303 0303 0403 0401 0203 0203 0402 0202 0302 0402 0102 0301 0202 0200
63 , 0401 0300 0103 0304 0102 0304 0004 0003 0404 0001 0304 0104 0302 0302 0004 0400 0304 0401 0301 0101 0303 0203 0403 0202 0001 0104 0103 0102 0400 0401 0203 0203 0402 0202 0302 0402 0102 0301 0202 0204 0201 0302 0103 0404 0302 0404 0204 0103 0404 0301 0304 0104 0302 0302 0104 0400 0304 0401 0300 0100 0303 0003 0403 0202 0101 0104 0103 0302 0403 0401 0201 0203 0400 0202 0302 0400 0102 0301 0202 0204
64 , 0200 0302 0103 0404 0002 0404 0204 0003 0004 0301 0402 0101 0300 0302 0101 0404 0304 0101 0302 0101 0302 0203 0403 0202 0000 0104 0103 0302 0403 0401 0204 0203 0402 0202 0302 0402 0002 0301 0202 0202 0300 0302 0103 0404 0302 0404 0204 0100 0404 0101 0304 0104 0304 0302 0103 0403 0304 0401 0302 0103 0403 0203 0403 0202 0101 0104 0103 0302 0403 0401 0203 0203 0402 0202 0402 0402 0102 0101 0202 0204
65 , 0401 0002 0003 0404 0300 0304 0004 0103 0404 0001 0004 0104 0302 0302 0104 0403 0300 0001 0302 0401 0303 0203 0400 0202 0100 0104 0103 0302 0403 0401 0203 0203 0402 0203 0302 0403 0100 0001 0202 0204 0201 0202 0103 0400 0402 0404 0200 0103 0404 0001 0304 0104 0302 0302 0104 0403 0304 0401 0302 0101 0003 0203 0403 0202 0101 0104 0103 0302 0403 0401 0000 0203 0102 0202 0302 0402 0102 0201 0202 0204
66 , 0201 0302 0303 0404 0303 0004 0204 0103 0004 0301 0304 0104 0002 0302 0104 0403 0104 0404 0302 0101 0303 0203 0403 0202 0001 0304 0103 0302 0403 0301 0203 0203 0402 0202 0002 0402 0102 0201 0201 0202 0001 0302 0103 0401 0302 0404 0204 0100 0004 0303 0304 0100 0302 0302 0104 0403 0304 0401 0302 0101 0303 0203 0403 0200 0000 0104 0103 0302 0400 0401 0203 0203 0402 0202 0302 0102 0102 0302 0200 0204
67 , 0401 0400 0104 0404 0302 0404 0204 0103 0404 0301 0304 0104 0302 0302 0104 0403 0004 0401 0002 0100 0303 0203 0403 0202 0100 0104 0103 0302 0403 0001 0203 0203 0402 0202 0302 0402 0102 0300 0202 0004 0201 0302 0103 0404 0302 0200 0204 0003 0404 0301 0304 0104 0302 0300 0104 0403 0304 0401 0000 0101 0301 0203 0403 0202 0301 0104 0103 0302 0404 0401 0203 0203 0402 0202 0302 0402 0002 0001 0200 0204
68 , 0201 0302 0103 0402 0302 0403 0204 0103 0402 0301 0201 0104 0302 0402 0104 0403 0304 0101 0302 0101 0303 0203 0400 0201 0101 0104 0103 0302 0403 0201 0203 0203 0401 0202 0302 0401 0002 0301 0202 0202 0401 0302 0103 0201 0302 0404 0204 0103 0404 0301 0304 0104 0302 0302 0104 0403 0404 0401 0302 0104 0303 0203 0403 0202 0101 0104 0103 0202 0403 0401 0203 0203 0400 0202 0302 0400 0102 0101 0202 0204
69 , 0201 0102 0003 0404 0102 0404 0004 0003 0404 0301 0304 0104 0304 0302 0104 0403 0304 0401 0302 0100 0303 0203 0403 0202 0101 0104 0103 0302 0404 0401 0203 0203 0402 0202 0302 0403 0102 0301 0202 0204 0201 0302 0103 0404 0300 0404 0204 0404 0004 0301 0304 0100 0302 0302 0104 0400 0300 0401 0302 0101 0003 0203 0403 0202 0101 0100 0103 0002 0403 0401 0201 0103 0402 0201 0303 0002 0102 0301 0102 0200
70 , 0203 0302 0103 0004 0302 0404 0103 0103 0404 0301 0003 0101 0400 0304 0104 0403 0104 0401 0302 0101 0303 0203 0403 0202 0101 0102 0103 0304 0403 0401 0203 0200 0402 0200 0302 0002 0102 0301 0202 0304 0001 0302 0203 0404 0302 0404 0204 0100 0404 0301 0304 0104 0302 0302 0100 0403 0304 0401 0300 0001 0303 0203 0403 0202 0101 0104 0103 0303 0403 0400 0203 0203 0402 0203 0302 0402 0102 0301 0000 0304
71 , 0001 0302 0003 0004 0302 0404 0204 0102 0404 0301 0304 0104 0302 0403 0104 0403 0304 0401 0302 0101 0303 0203 0403 0202 0101 0104 0103 0302 0403 0401 0203 0203 0102 0202 0202 0402 0102 0301 0002 0104 0101 0102 0003 0401 0302 0404 0204 0200 0404 0301 0304 0104 0302 0302 0000 0401 0004 0001 0302 0101 0203 0403 0000 0202 0101 0104 0103 0302 0401 0401 0103 0203 0402 0202 0303 0003 0102 0301 0202 0204
72 , 0201 0002 0103 0404 0302 0404 0204 0003 0403 0001 0001 0104 0302 0302 0104 0403 0304 0401 0302 0101 0300 0203 0403 0202 0301 0101 0103 0302 0403 0401 0203 0203 0403 0202 0302 0401 0102 0301 0202 0000 0201 0302 0103 0404 0302 0304 0204 0103 0104 0301 0304 0104 0302 0102 0304 0403 0300 0401 0302 0101 0303 0203 0003 0202 0001 0304 0103 0302 0403 0301 0203 0203 0400 0202 0302 0402 0102 0301 0202 0204
73 , 0202 0302 0103 0004 0002 0400 0203 0103 0404 0301 0304 0100 0302 0302 0104 0103 0304 0401 0302 0104 0303 0203 0403 0202 0101 0104 0003 0302 0203 0400 0203 0103 0402 0202 0002 0402 0102 0302 0203 0204 0201 0302 0403 0404 0302 0400 0204 0101 0400 0301 0004 0104 0302 0301 0101 0403 0304 0000 0302 0101 0303 0203 0403 0202 0101 0104 0103 0302 0403 0401 0200 0303 0402 0200 0302 0402 0102 0301 0202 0204
74 , 0201 0300 0103 0404 0102 0404 0204 0303 0404 0301 0304 0104 0302 0300 0104 0103 0000 0401 0302 0101 0303 0203 0403 0200 0101 0100 0103 0302 0403 0401 0200 0303 0400 0202 0302 0400 0202 0301 0202 0204 0201 0002 0103 0403 0300 0404 0204 0103 0404 0301 0304 0204 0302 0304 0102 0404 0004 0401 0302 0101 0303 0203 0103 0202 0101 0104 0103 0302 0403 0002 0003 0201 0402 0202 0302 0402 0102 0301 0202 0204
75 , 0201 0304 0103 0404 0302 0204 0202 0103 0404 0300 0304 0104 0302 0300 0100 0403 0300 0101 0002 0101 0303 0203 0403 0202 0100 0104 0103 0303 0403 0301 0203 0204 0003 0202 0101 0402 0101 0301 0202 0204 0001 0304 0003 0404 0302 0400 0104 0103 0404 0300 0304 0104 0302 0302 0104 0404 0304 0401 0402 0100 0303 0203 0403 0204 0101 0104 0103 0302 0404 0101 0103 0203 0402 0202 0302 0002 0102 0301 0202 0204
76 , 0201 0302 0103 0004 0302 0404 0204 0103 0404 0301 0304 0104 0301 0300 0004 0403 0303 0400 0302 0101 0303 0003 0403 0202 0101 0104 0103 0302 0400 0401 0203 0103 0402 0202 0202 0402 0102 0101 0002 0204 0201 0302 0103 0400 0303 0404 0302 0203 0004 0301 0004 0104 0002 0302 0104 0403 0304 0402 0302 0101 0303 0200 0403 0202 0001 0104 0103 0302 0103 0001 0203 0203 0202 0200 0302 0402 0102 0301 0203 0204
77 , 0201 0302 0003 0404 0302 0404 0200 0103 0404 0301 0304 0104 0302 0302 0104 0403 0304 0301 0302 0101 0303 0203 0403 0202 0101 0104 0003 0302 0403 0401 0203 0203 0400 0002 0302 0403 0102 0301 0202 0204 0201 0300 0103 0404 0302 0404 0204 0103 0404 0301 0301 0104 0302 0302 0004 0403 0300 0400 0302 0001 0301 0203 0403 0202 0101 0404 0100 0302 0403 0401 0203 0203 0002 0202 0002 0400 0102 0301 0202 0204
78 , 0201 0302 0103 0404 0302 0404 0204 0103 0404 0001 0304 0404 0303 0302 0104 0403 0301 0401 0302 0101 0303 0200 0403 0202 0101 0104 0303 0002 0400 0404 0203 0203 0400 0202 0000 0401 0102 0301 0202 0204 0201 0302 0103 0404 0300 0404 0204 0103 0404 0301 0104 0104 0300 0302 0104 0403 0004 0401 0302 0104 0302 0203 0403 0002 0401 0104 0103 0302 0403 0401 0201 0303 0402 0202 0100 0402 0102 0301 0102 0204
79 , 0201 0302 0100 0204 0102 0404 0204 0103 0404 0301 0304 0104 0302 0302 0104 0403 0004 0401 0302 0101 0403 0000 0400 0202 0401 0104 0101 0302 0402 0401 0203 0203 0402 0202 0303 0402 0102 0301 0200 0204 0201 0302 0003 0404 0302 0404 0004 0003 0404 0301 0104 0304 0302 0302 0103 0403 0104 0001 0302 0100 0303 0200 0400 0202 0101 0104 0003 0302 0403 0400 0003 0203 0002 0202 0302 0402 0100 0303 0102 0204
80 , 0201 0302 0103 0404 0002 0004 0204 0103 0404 0001 0304 0104 0302 0302 0104 0403 0300 0203 0300 0101 0303 0201 0003 0002 0101 0104 0100 0302 0403 0401 0203 0203 0402 0202 0300 0402 0100 0101 0202 0204 0202 0002 0103 0104 0302 0404 0204 0103 0404 0301 0304 0000 0202 0302 0104 0400 0104 0401 0302 0101 0303 0203 0103 0202 0201 0104 0103 0302 0403 0201 0203 0203 0202 0202 0302 0402 0002 0001 0201 0204
81 , 0201 0402 0103 0404 0302 0404 0204 0103 0403 0301 0304 0104 0302 0002 0004 0403 0304 0401 0302 0101 0300 0203 0403 0202 0101 0104 0103 0002 0403 0401 0203 0203 0202 0202 0302 0402 0102 0301 0202 0204 0201 0302 0003 0400 0302 0404 0204 0103 0404 0301 0304 0104 0302 0002 0104 0003 0104 0400 0302 0101 0003 0203 0403 0200 0201 0304 0103 0001 0403 0401 0203 0200 0402 0102 0302 0402 0102 0000 0203 0204
82 , 0101 0301 0100 0404 0102 0404 0204 0103 0404 0303 0301 0404 0302 0302 0104 0103 0304 0403 0302 0001 0403 0303 0403 0002 0101 0104 0103 0302 0403 0401 0203 0203 0402 0200 0302 0400 0102 0301 0002 0200 0201 0302 0103 0404 0302 0402 0204 0100 0404 0301 0304 0104 0302 0300 0104 0303 0301 0401 0302 0101 0303 0202 0403 0002 0101 0104 0103 0002 0003 0402 0201 0203 0402 0202 0304 0402 0102 0301 0202 0204
83 , 0001 0302 0103 0204 0302 0404 0200 0103 0404 0301 0304 0104 0302 0002 0104 0103 0304 0101 0302 0101 0003 0203 0403 0202 0400 0104 0101 0302 0403 0400 0203 0203 0002 0202 0302 0402 0102 0300 0002 0204 0201 0302 0103 0404 0302 0404 0200 0103 0404 0301 0304 0104 0302 0302 0104 0003 0104 0401 0302 0101 0303 0203 0003 0202 0101 0104 0100 0302 0403 0400 0203 0203 0402 0202 0302 0402 0102 0301 0200 0003
84 , 0201 0302 0103 0104 0302 0404 0204 0103 0404 0300 0304 0104 0302 0402 0104 0403 0304 0401 0302 0102 0003 0203 0202 0202 0100 0104 0103 0302 0403 0001 0203 0203 0402 0202 0302 0402 0002 0301 0403 0104 0200 0302 0100 0404 0302 0404 0204 0103 0404 0301 0300 0104 0302 0302 0104 0403 0304 0001 0302 0401 0303 0203 0403 0003 0201 0004 0103 0302 0403 0401 0203 0203 0402 0200 0302 0002 0102 0301 0202 0204
85 , 0001 0302 0103 0404 0302 0404 0204 0100 0404 0301 0304 0001 0102 0302 0100 0402 0004 0401 0302 0101 0303 0203 0003 0202 0101 0004 0103 0302 0103 0400 0203 0203 0402 0402 0302 0402 0102 0301 0002 0004 0201 0302 0103 0404 0302 0404 0204 0000 0404 0301 0304 0104 0302 0102 0100 0400 0104 0401 0302 0001 0303 0203 0002 0202 0101 0104 0201 0302 0400 0404 0403 0003 0302 0202 0302 0302 0100 0300 0202 0204
86 , 0401 0402 0103 0404 0302 0404 0204 0103 0404 0301 0300 0104 0302 0102 0104 0403 0304 0404 0302 0101 0303 0203 0003 0202 0101 0104 0003 0302 0403 0401 0200 0200 0002 0200 0304 0402 0102 0301 0202 0204 0201 0302 0103 0404 0103 0004 0204 0103 0404 0301 0304 0104 0301 0302 0104 0402 0304 0401 0302 0201 0303 0203 0103 0202 0101 0104 0103 0302 0403 0301 0203 0203 0402 0202 0002 0402 0102 0301 0202 0204
87 , 0201 0302 0103 0404 0302 0404 0200 0101 0404 0301 0304 0202 0302 0302 0104 0403 0302 0401 0302 0100 0303 0203 0403 0402 0301 0104 0103 0002 0003 0401 0203 0203 0402 0202 0302 0302 0102 0301 0102 0204 0201 0300 0103 0404 0302 0404 0203 0103 0404 0301 0304 0104 0302 0302 0404 0403 0104 0401 0302 0101 0303 0203 0403 0202 0101 0101 0103 0002 0403 0401 0201 0001 0102 0202 0304 0400 0402 0003 0202 0204
88 , 0201 0302 0003 0404 0302 0404 0204 0103 0404 0301 0304 0104 0302 0300 0004 0403 0004 0401 0302 0100 0303 0003 0400 0204 0101 0104 0103 0302 0403 0401 0203 0203 0202 0202 0302 0402 0102 0301 0202 0204 0201 0302 0103 0400 0402 0404 0204 0000 0404 0101 0304 0104 0300 0302 0104 0103 0304 0401 0300 0304 0003 0203 0403 0202 0101 0104 0103 0302 0401 0401 0203 0203 0002 0202 0301 0402 0102 0301 0202 0204
89 , 0201 0302 0003 0404 0002 0404 0204 0103 0400 0001 0304 0104 0300 0302 0100 0404 0104 0401 0402 0101 0303 0203 0403 0202 0101 0104 0103 0002 0403 0400 0003 0203 0102 0202 0304 0402 0102 0300 0202 0204 0201 0302 0100 0004 0202 0002 0204 0103 0400 0300 0304 0104 0002 0300 0004 0303 0303 0401 0302 0101 0303 0200 0403 0002 0101 0104 0103 0002 0403 0401 0203 0203 0402 0202 0004 0402 0102 0301 0202 0204
90 , 0201 0302 0003 0404 0302 0404 0204 0103 0404 0301 0304 0404 0202 0002 0104 0403 0004 0300 0302 0101 0200 0103 0003 0202 0103 0104 0300 0302 0403 0401 0203 0203 0402 0002 0302 0402 0102 0001 0202 0204 0204 0302 0103 0204 0102 0404 0204 0003 0404 0301 0304 0104 0302 0302 0104 0100 0304 0401 0102 0304 0303 0203 0003 0202 0101 0300 0101 0302 0403 0401 0000 0203 0400 0202 0301 0400 0100 0301 0202 0004
91 , 0300 0304 0303 0404 0302 0304 0204 0103 0404 0401 0304 0204 0302 0302 0104 0403 0303 0101 0302 0101 0304 0200 0003 0202 0101 0104 0103 0302 0403 0400 0200 0203 0402 0002 0302 0402 0102 0301 0201 0200 0201 0302 0003 0404 0302 0404 0004 0103 0401 0301 0204 0104 0302 0302 0300 0403 0004 0401 0000 0100 0303 0203 0403 0002 0101 0104 0103 0300 0403 0401 0203 0000 0402 0102 0302 0402 0102 0200 0202 0204
92 , 0201 0302 0001 0404 0302 0004 0204 0303 0304 0000 0004 0104 0302 0302 0104 0403 0104 0401 0300 0101 0203 0203 0400 0204 0101 0104 0103 0002 0403 0401 0203 0203 0302 0402 0402 0402 0102 0304 0202 0004 0401 0302 0104 0404 0302 0404 0204 0103 0404 0301 0304 0104 0302 0302 0104 0403 0304 0401 0302 0103 0303 0203 0403 0202 0101 0104 0103 0302 0403 0400 0203 0203 0402 0202 0302 0402 0102 0301 0202 0204
93 , 0001 0302 0103 0404 0300 0404 0204 0103 0404 0301 0304 0104 0302 0302 0104 0103 0304 0301 0302 0101 0303 0203 0403 0002 0101 0004 0103 0302 0403 0401 0203 0003 0402 0202 0302 0402 0102 0300 0202 0204 0201 0302 0103 0404 0302 0404 0204 0103 0400 0301 0002 0003 0302 0302 0104 0003 0304 0001 0000 0101 0303 0203 0403 0202 0101 0104 0103 0302 0400 0303 0203 0203 0402 0204 0302 0002 0102 0301 0002 0204
94 , 0201 0002 0103 0404 0301 0003 0204 0103 0404 0101 0004 0104 0302 0302 0104 0403 0304 0002 0302 0101 0303 0203 0400 0202 0101 0104 0103 0300 0203 0401 0202 0203 0402 0202 0002 0404 0102 0302 0202 0204 0101 0001 0103 0404 0302 0400 0204 0103 0404 0301 0304 0404 0302 0302 0100 0403 0304 0401 0300 0101 0403 0203 0403 0202 0101 0104 0103 0302 0400 0401 0203 0203 0002 0202 0302 0402 0100 0300 0202 0204
95 , 0001 0302 0100 0403 0302 0404 0202 0303 0404 0301 0303 0404 0302 0302 0004 0400 0104 0400 0002 0001 0203 0203 0403 0202 0101 0104 0403 0302 0403 0400 0202 0203 0402 0202 0202 0202 0102 0301 0002 0204 0201 0002 0103 0404 0303 0404 0204 0103 0404 0101 0304 0104 0002 0302 0104 0303 0304 0401 0002 0101 0003 0203 0403 0202 0101 0104 0103 0302 0403 0401 0203 0203 0402 0202 0302 0402 0100 0301 0200 0004
96 , 0201 0302 0103 0004 0302 0401 0203 0103 0204 0101 0304 0104 0302 0302 0104 0003 0204 0402 0302 0102 0303 0203 0403 0202 0100 0104 0103 0301 0203 0400 0203 0203 0402 0202 0302 0000 0102 0301 0202 0304 0201 0302 0103 0400 0302 0400 0204 0103 0404 0301 0301 0104 0302 0002 0104 0003 0301 0401 0302 0101 0303 0203 0403 0202 0100 0100 0103 0302 0403 0401 0203 0003 0402 0002 0302 0402 0402 0301 0202 0102
97 , 0201 0302 0100 0404 0302 0404 0200 0103 0404 0001 0104 0104 0302 0302 0104 0403 0104 0404 0302 0100 0303 0203 0403 0202 0201 0403 0103 0302 0403 0401 0200 0203 0402 0002 0302 0402 0102 0301 0002 0200 0201 0002 0104 0404 0300 0404 0204 0103 0404 0301 0304 0104 0302 0102 0104 0400 0104 0400 0302 0101 0303 0000 0400 0202 0001 0304 0100 0302 0403 0403 0201 0200 0402 0202 0300 0402 0102 0001 0202 0204
98 , 0202 0302 0100 0402 0304 0404 0204 0103 0404 0302 0300 0104 0302 0002 0104 0303 0304 0101 0302 0101 0303 0200 0000 0202 0101 0104 0103 0302 0403 0300 0200 0203 0002 0202 0302 0401 0002 0301 0203 0004 0201 0302 0303 0402 0302 0404 0204 0103 0304 0001 0304 0104 0002 0302 0104 0403 0004 0401 0302 0101 0303 0200 0403 0003 0001 0104 0103 0300 0403 0400 0203 0403 0202 0202 0302 0002 0102 0301 0202 0204
99 , 0401 0302 0103 0404 0002 0404 0204 0103 0404 0301 0304 0104 0301 0302 0104 0401 0004 0401 0302 0101 0303 0203 0403 0200 0101 0104 0103 0302 0403 0401 0203 0200 0101 0002 0302 0404 0102 0201 0200 0204 0200 0002 0403 0404 0302 0404 0204 0104 0404 0301 0304 0104 0002 0303 0101 0300 0303 0401 0202 0101 0303 0203 0403 0202 0001 0104 0103 0302 0403 0001 0003 0203 0402 0202 0302 0002 0102 0300 0202 0204
100 , 0201 0202 0203 0401 0104 0400 0003 0103 0404 0101 0304 0104 0302 0302 0104 0403 0304 0001 0300 0401 0300 0203 0003 0200 0101 0004 0103 0302 0400 0401 0203 0203 0402 0000 0302 0002 0402 0301 0202 0204 0201 0302 0103 0404 0202 0404 0204 0103 0401 0301 0304 0104 0402 0302 0204 0403 0304 0401 0302 0101 0304 0203 0403 0202 0101 0104 0103 0302 0403 0401 0203 0203 0400 0202 0302 0400 0002 0301 0202 0204
101 , 0201 0300 0104 0104 0002 0404 0200 0100 0404 0301 0304 0104 0302 0302 0001 0403 0304 0401 0302 0101 0303 0204 0403 0202 0101 0104 0103 0302 0403 0401 0203 0303 0202 0202 0002 0402 0102 0003 0002 0201 0201 0002 0103 0400 0002 0004 0004 0103 0400 0000 0302 0101 0302 0302 0204 0000 0304 0301 0102 0101 0303 0003 0003 0202 0101 0004 0103 0302 0203 0303 0203 0003 0302 0004 0300 0400 0102 0301 0202 0204
102 , 0201 0302 0003 0401 0302 0404 0204 0103 0403 0301 0304 0104 0002 0002 0104 0401 0304 0401 0302 0401 0304 0200 0403 0202 0101 0400 0403 0201 0400 0401 0203 0203 0400 0202 0300 0402 0102 0201 0202 0204 0201 0302 0003 0404 0302 0400 0204 0103 0404 0301 0304 0103 0302 0202 0104 0403 0004 0401 0302 0101 0303 0203 0401 0200 0401 0401 0203 0302 0003 0403 0003 0203 0402 0202 0302 0402 0102 0301 0202 0200
103 , 0201 0302 0100 0404 0302 0404 0204 0103 0404 0300 0303 0100 0302 0302 0104 0403 0304 0401 0302 0101 0303 0203 0403 0302 0101 0104 0103 0302 0403 0400 0203 0203 0200 0202 0302 0402 0402 0301 0200 0204 0201 0000 0003 0404 0102 0404 0004 0403 0404 0301 0004 0104 0302 0302 0104 0403 0300 0401 0302 0101 0301 0203 0403 0202 0101 0304 0103 0302 0400 0401 0203 0003 0100 0202 0300 0401 0102 0302 0202 0204
104 , 0001 0302 0103 0404 0302 0400 0204 0103 0404 0301 0304 0104 0301 0302 0104 0403 0304 0401 0302 0101 0303 0203 0103 0202 0404 0304 0103 0302 0403 0401 0203 0203 0402 0202 0202 0402 0102 0101 0202 0404 0201 0302 0403 0004 0302 0404 0204 0103 0404 0101 0304 0104 0300 0302 0104 0402 0304 0401 0302 0100 0303 0203 0403 0202 0100 0100 0103 0302 0403 0401 0203 0203 0402 0202 0302 0402 0102 0301 0202 0204
105 , 0200 0302 0103 0402 0400 0404 0204 0103 0104 0001 0304 0104 0002 0302 0104 0403 0304 0400 0302 0401 0304 0203 0402 0202 0101 0104 0103 0003 0403 0001 0201 0003 0402 0102 0402 0402 0102 0301 0102 0204 0201 0302 0103 0404 0300 0404 0004 0103 0400 0300 0304 0104 0302 0302 0100 0103 0304 0401 0302 0101 0300 0201 0002 0202 0101 0104 0101 0302 0403 0400 0203 0203 0402 0001 0302 0402 0102 0301 0402 0204
106 , 0401 0400 0003 0404 0302 0404 0203 0103 0404 0303 0304 0104 0302 0302 0104 0403 0304 0001 0302 0101 0303 0003 0403 0202 0003 0104 0103 0302 0300 0401 0203 0203 0002 0203 0304 0400 0102 0301 0202 0204 0201 0100 0103 0404 0302 0400 0204 0103 0404 0301 0304 0104 0302 0302 0104 0403 0304 0401 0002 0102 0301 0203 0000 0202 0101 0103 0303 0302 0400 0401 0002 0203 0002 0202 0302 0402 0102 0401 0202 0204
107 , 0000 0402 0003 0400 0302 0400 0204 0103 0304 0001 0304 0104 0002 0302 0104 0403 0304 0401 0302 0100 0302 0003 0403 0002 0101 0100 0103 0300 0403 0402 0003 0403 0402 0202 0302 0002 0102 0301 0201 0004 0201 0004 0103 0404 0302 0004 0204 0104 0404 0301 0404 0104 0302 0302 0000 0403 0304 0401 0302 0101 0303 0203 0403 0202 0101 0204 0103 0302 0403 0401 0203 0203 0402 0202 0302 0402 0102 0300 0100 0203
108 , 0301 0302 0103 0404 0302 0400 0204 0103 0404 0301 0304 0104 0302 0302 0004 0303 0300 0401 0302 0001 0303 0202 0403 0302 0001 0004 0103 0302 0403 0401 0103 0203 0402 0202 0302 0402 0101 0301 0302 0104 0201 0302 0100 0004 0302 0304 0004 0003 0404 0301 0304 0104 0302 0303 0100 0403 0304 0401 0302 0101 0300 0203 0403 0200 0101 0104 0100 0302 0403 0401 0003 0203 0402 0402 0302 0402 0102 0102 0202 0200
109 , 0201 0302 0103 0404 0002 0404 0204 0103 0400 0001 0300 0200 0302 0302 0204 0403 0304 0200 0302 0101 0304 0200 0403 0002 0100 0104 0103 0302 0003 0401 0103 0203 0402 0002 0302 0001 0102 0301 0200 0204 0001 0302 0101 0104 0300 0404 0200 0103 0400 0301 0304 0104 0302 0302 0104 0403 0304 0401 0202 0101 0003 0200 0403 0302 0001 0104 0103 0302 0304 0301 0203 0303 0402 0203 0002 0402 0102 0300 0202 0204
110 , 0201 0302 0403 0404 0302 0404 0204 0003 0404 0100 0304 0104 0302 0302 0104 0402 0304 0401 0302 0101 0303 0203 0403 0202 0101 0104 0103 0302 0403 0401 0203 0202 0402 0202 0302 0002 0102 0301 0202 0204 0201 0302 0003 0204 0302 0404 0204 0103 0004 0302 0204 0104 0302 0102 0304 0403 0304 0401 0302 0100 0300 0200 0402 0202 0100 0304 0103 0302 0403 0401 0203 0303 0402 0202 0302 0102 0102 0301 0002 0200
111 , 0101 0100 0100 0404 0302 0404 0204 0300 0400 0301 0300 0100 0302 0302 0104 0400 0304 0401 0302 0101 0303 0003 0403 0202 0101 0104 0103 0302 0004 0400 0203 0200 0404 0200 0402 0402 0102 0301 0202 0204 0201 0302 0100 0400 0302 0400 0204 0103 0404 0301 0300 0104 0302 0302 0104 0403 0304 0401 0302 0001 0303 0203 0403 0202 0004 0104 0103 0200 0403 0401 0203 0203 0402 0202 0302 0002 0100 0201 0202 0204
112 , 0301 0002 0103 0402 0302 0404 0004 0103 0404 0002 0304 0104 0302 0302 0104 0403 0300 0401 0301 0100 0003 0203 0403 0002 0101 0104 0103 0302 0403 0401 0203 0200 0402 0203 0002 0402 0102 0301 0202 0204 0201 0300 0103 0404 0302 0402 0204 0003 0400 0301 0304 0104 0300 0302 0104 0003 0303 0401 0302 0101 0303 0300 0403 0202 0101 0104 0103 0002 0400 0401 0103 0203 0401 0202 0302 0402 0102 0000 0302 0200
113 , 0201 0302 0103 0404 0002 0404 0200 0100 0404 0301 0004 0103 0402 0302 0104 0400 0304 0400 0300 0101 0303 0203 0403 0202 0001 0104 0101 0402 0400 0401 0203 0200 0402 0202 0302 0202 0102 0302 0202 0200 0201 0302 0103 0402 0302 0404 0204 0100 0404 0001 0304 0104 0302 0302 0104 0403 0304 0301 0302 0103 0303 0203 0403 0202 0101 0104 0103 0302 0403 0301 0203 0203 0402 0204 0302 0402 0102 0301 0202 0204
114 , 0201 0202 0203 0401 0102 0404 0204 0103 0404 0301 0304 0104 0302 0302 0100 0403 0304 0401 0302 0401 0304 0203 0003 0202 0101 0404 0103 0302 0403 0001 0203 0203 0402 0102 0302 0402 0102 0300 0202 0204 0001 0302 0103 0004 0302 0404 0204 0403 0404 0301 0304 0404 0301 0302 0104 0403 0304 0101 0302 0101 0303 0203 0403 0002 0101 0104 0303 0302 0003 0400 0203 0203 0002 0202 0302 0402 0102 0301 0202 0204
115 , 0201 0002 0103 0404 0303 0404 0204 0103 0404 0301 0300 0100 0302 0302 0101 0403 0304 0400 0302 0101 0303 0203 0302 0200 0101 0102 0103 0302 0303 0400 0200 0203 0402 0200 0302 0402 0102 0301 0202 0204 0200 0302 0103 0404 0402 0404 0204 0003 0104 0301 0304 0104 0302 0302 0104 0403 0004 0001 0300 0101 0304 0203 0402 0202 0101 0104 0103 0302 0403 0301 0201 0203 0402 0102 0402 0402 0402 0301 0104 0204
116 , 0201 0302 0103 0404 0004 0404 0204 0103 0004 0401 0304 0104 0302 0302 0100 0003 0004 0401 0302 0101 0302 0203 0403 0002 0101 0104 0103 0302 0403 0301 0203 0303 0402 0202 0302 0400 0100 0300 0202 0204 0101 0301 0103 0402 0302 0404 0204 0100 0204 0001 0304 0104 0300 0302 0104 0403 0004 0401 0302 0101 0303 0203 0403 0202 0101 0104 0103 0302 0400 0401 0003 0203 0402 0203 0302 0400 0102 0301 0002 0200
117 , 0201 0302 0103 0404 0302 0404 0204 0103 0404 0301 0304 0104 0303 0302 0104 0403 0304 0401 0302 0101 0303 0203 0403 0202 0101 0000 0103 0302 0003 0400 0203 0203 0101 0202 0302 0402 0102 0201 0402 0204 0201 0302 0103 0404 0302 0404 0204 0103 0104 0101 0304 0104 0302 0300 0100 0403 0304 0402 0300 0103 0301 0203 0403 0202 0101 0104 0003 0302 0203 0400 0203 0003 0402 0202 0202 0404 0104 0301 0202 0202
118 , 0401 0300 0000 0404 0102 0404 0204 0003 0400 0301 0304 0104 0302 0302 0104 0403 0304 0003 0302 0101 0302 0203 0403 0202 0101 0104 0103 0302 0403 0401 0203 0303 0402 0202 0001 0402 0002 0001 0202 0204 0401 0202 0102 0004 0302 0404 0204 0003 0204 0301 0304 0104 0302 0002 0104 0403 0304 0400 0302 0101 0304 0200 0303 0202 0101 0004 0103 0302 0403 0404 0403 0202 0402 0200 0302 0302 0102 0301 0202 0204
119 , 0201 0302 0103 0004 0302 0404 0204 0104 0404 0301 0304 0104 0202 0302 0104 0003 0304 0403 0302 0003 0401 0203 0403 0202 0101 0000 0103 0302 0403 0401 0203 0203 0402 0002 0300 0404 0102 0301 0202 0204 0201 0302 0103 0404 0300 0000 0204 0003 0404 0301 0304 0104 0300 0304 0104 0403 0304 0403 0202 0101 0303 0201 0403 0402 0001 0304 0103 0302 0403 0401 0203 0203 0402 0202 0302 0400 0402 0301 0202 0200
120 , 0201 0302 0103 0404 0400 0404 0204 0103 0404 0301 0304 0004 0302 0302 0104 0103 0304 0401 0302 0304 0303 0203 0403 0202 0001 0102 0103 0302 0403 0401 0203 0203 0400 0202 0300 0402 0102 0301 0202 0200 0201 0302 0103 0404 0304 0404 0204 0103 0404 0301 0304 0100 0302 0302 0104 0003 0300 0000 0302 0101 0303 0200 0403 0002 0101 0104 0103 0302 0400 0401 0203 0203 0402 0200 0302 0402 0102 0300 0002 0204
121 , 0401 0302 0103 0404 0102 0404 0204 0103 0404 0301 0304 0104 0302 0300 0304 0403 0304 0001 0300 0101 0303 0203 0403 0202 0101 0100 0103 0302 0403 0401 0203 0303 0402 0202 0302 0402 0202 0301 0202 0202 0201 0302 0103 0402 0302 0404 0204 0103 0404 0301 0304 0104 0002 0303 0104 0403 0303 0401 0300 0101 0303 0203 0403 0402 0101 0004 0103 0302 0403 0401 0103 0203 0402 0202 0002 0402 0002 0301 0102 0204
122 , 0201 0002 0103 0404 0301 0404 0204 0300 0402 0301 0304 0104 0002 0303 0104 0403 0304 0001 0302 0101 0003 0203 0403 0200 0101 0104 0103 0302 0404 0401 0203 0203 0402 0202 0302 0400 0102 0301 0002 0204 0001 0300 0103 0404 0302 0403 0204 0103 0404 0300 0304 0104 0302 0302 0104 0403 0004 0401 0302 0100 0301 0200 0404 0202 0102 0104 0103 0302 0403 0401 0003 0203 0402 0202 0300 0402 0100 0301 0002 0000
123 , 0201 0001 0103 0404 0302 0404 0204 0103 0404 0301 0104 0100 0301 0302 0104 0403 0104 0401 0302 0101 0303 0003 0103 0202 0101 0104 0103 0302 0403 0401 0203 0203 0102 0202 0304 0400 0102 0303 0000 0004 0201 0302 0103 0404 0302 0404 0200 0103 0404 0301 0304 0104 0302 0302 0104 0403 0104 0401 0302 0201 0303 0200 0403 0202 0100 0104 0103 0302 0003 0401 0203 0203 0102 0202 0304 0402 0102 0300 0202 0204
124 , 0201 0302 0103 0404 0302 0404 0204 0103 0404 0301 0204 0104 0002 0302 0104 0403 0004 0401 0302 0102 0303 0203 0403 0202 0001 0104 0303 0302 0403 0401 0203 0203 0402 0202 0300 0402 0101 0001 0202 0204 0201 0302 0103 0404 0302 0404 0204 0403 0404 0401 0304 0104 0302 0302 0104 0403 0304 0203 0302 0101 0303 0201 0403 0202 0001 0104 0103 0002 0403 0301 0203 0203 0402 0202 0302 0402 0102 0301 0202 0204
125 , 0201 0302 0301 0004 0302 0404 0204 0104 0404 0301 0300 0100 0302 0302 0104 0103 0304 0401 0301 0102 0303 0200 0403 0202 0101 0104 0103 0302 0403 0401 0203 0203 0401 0200 0300 0402 0102 0301 0202 0204 0201 0302 0103 0404 0302 0404 0404 0103 0401 0301 0304 0104 0302 0002 0304 0403 0004 0401 0302 0101 0303 0203 0400 0202 0101 0104 0103 0302 0003 0401 0203 0203 0402 0202 0302 0402 0102 0300 0202 0204
126 , 0201 0302 0303 0004 0302 0004 0204 0103 0104 0301 0000 0104 0302 0302 0104 0403 0301 0401 0302 0101 0303 0203 0403 0202 0101 0100 0103 0302 0403 0401 0202 0203 0403 0202 0402 0402 0102 0301 0202 0204 0201 0302 0103 0404 0302 0404 0204 0403 0404 0300 0204 0104 0002 0302 0104 0403 0404 0401 0302 0101 0304 0203 0403 0202 0101 0104 0103 0302 0403 0001 0203 0203 0002 0202 0302 0402 0102 0001 0002 0204
127 , 0201 0402 0102 0400 0302 0204 0004 0103 0404 0301 0404 0104 0302 0302 0103 0003 0304 0401 0302 0001 0303 0203 0400 0202 0001 0104 0101 0302 0403 0401 0201 0204 0402 0202 0302 0402 0002 0301 0203 0204 0201 0302 0103 0004 0302 0404 0204 0303 0404 0301 0304 0104 0301 0302 0104 0403 0304 0401 0302 0000 0303 0202 0403 0202 0102 0104 0103 0302 0400 0400 0103 0203 0402 0002 0402 0402 0102 0001 0202 0204
128 , 0201 0304 0103 0400 0302 0204 0002 0103 0404 0301 0304 0104 0002 0302 0104 0403 0300 0401 0302 0100 0303 0203 0403 0200 0101 0104 0100 0302 0403 0301 0203 0203 0402 0202 0101 0402 0100 0301 0202 0204 0204 0302 0003 0400 0002 0404 0204 0103 0404 0301 0004 0104 0303 0302 0104 0403 0304 0401 0302 0103 0303 0203 0400 0202 0101 0204 0103 0302 0003 0401 0303 0203 0402 0202 0302 0402 0100 0301 0200 0204
129 , 0201 0302 0103 0404 0302 0404 0203 0403 0404 0301 0304 0104 0102 0302 0104 0103 0304 0401 0302 0100 0303 0203 0403 0002 0101 0104 0103 0302 0403 0401 0203 0103 0402 0202 0302 0402 0102 0302 0202 0200 0201 0302 0103 0404 0302 0404 0200 0103 0404 0301 0304 0104 0304 0002 0104 0403 0304 0001 0302 0101 0003 0203 0403 0002 0101 0304 0100 0202 0403 0001 0203 0200 0201 0202 0002 0002 0102 0301 0202 0204
130 , 0201 0300 0103 0404 0302 0404 0204 0303 0004 0301 0004 0104 0302 0302 0100 0404 0304 0401 0302 0101 0303 0000 0403 0202 0102 0004 0103 0302 0403 0400 0103 0003 0002 0200 0302 0402 0102 0001 0202 0204 0401 0402 0103 0100 0002 0304 0204 0103 0404 0301 0304 0104 0302 0302 0104 0403 0304 0101 0302 0401 0303 0203 0303 0202 0101 0104 0100 0002 0403 0401 0203 0203 0402 0200 0302 0402 0102 0301 0202 0200
131 , 0201 0002 0300 0404 0202 0400 0204 0104 0404 0300 0304 0104 0302 0302 0104 0103 0004 0401 0300 0101 0303 0203 0403 0202 0100 0104 0103 0302 0403 0301 0203 0203 0402 0202 0302 0402 0102 0300 0200 0204 0201 0302 0103 0004 0302 0404 0004 0103 0004 0301 0304 0000 0302 0303 0104 0400 0304 0401 0303 0101 0301 0000 0400 0202 0401 0104 0103 0300 0400 0401 0203 0203 0402 0202 0300 0402 0102 0301 0203 0204
132 , 0200 0302 0103 0004 0302 0004 0102 0103 0400 0301 0303 0101 0302 0302 0100 0403 0304 0400 0302 0201 0303 0203 0403 0002 0201 0104 0103 0302 0403 0401 0202 0203 0402 0202 0302 0002 0104 0001 0202 0204 0201 0302 0003 0403 0302 0401 0204 0104 0404 0303 0304 0102 0302 0302 0102 0403 0304 0401 0300 0101 0303 0203 0403 0202 0101 0104 0103 0302 0002 0401 0203 0200 0000 0200 0302 0102 0102 0301 0202 0204
133 , 0201 0302 0104 0404 0302 0404 0204 0103 0000 0301 0204 0104 0102 0202 0104 0003 0304 0401 0302 0102 0303 0200 0403 0200 0101 0104 0103 0302 0400 0301 0203 0203 0402 0002 0302 0400 0102 0301 0202 0204 0200 0302 0103 0403 0302 0404 0204 0104 0300 0303 0300 0104 0302 0302 0104 0403 0304 0001 0302 0100 0003 0202 0403 0202 0101 0104 0103 0201 0402 0101 0200 0200 0402 0202 0302 0102 0102 0001 0200 0204
134 , 0201 0302 0103 0404 0302 0404 0204 0103 0404 0301 0304 0104 0102 0302 0004 0000 0304 0401 0302 0101 0300 0203 0403 0202 0301 0104 0103 0302 0103 0401 0203 0203 0402 0400 0302 0402 0102 0302 0302 0204 0001 0302 0104 0404 0302 0404 0204 0103 0004 0301 0304 0104 0302 0302 0104 0403 0300 0401 0302 0101 0303 0003 0403 0202 0101 0104 0103 0302 0403 0401 0203 0403 0402 0203 0302 0402 0102 0300 0202 0204
135 , 0201 0302 0103 0300 0300 0400 0204 0103 0400 0302 0304 0104 0302 0302 0100 0003 0304 0401 0302 0101 0304 0203 0403 0202 0100 0004 0103 0302 0400 0401 0003 0202 0402 0202 0002 0402 0002 0301 0002 0204 0201 0302 0103 0404 0402 0400 0204 0103 0404 0301 0304 0104 0302 0002 0104 0103 0304 0403 0302 0304 0303 0203 0403 0202 0001 0104 0102 0302 0403 0001 0203 0203 0402 0402 0301 0402 0102 0301 0002 0200
136 , 0201 0302 0303 0104 0302 0004 0304 0203 0404 0301 0304 0100 0302 0302 0104 0403 0304 0401 0302 0103 0303 0403 0403 0202 0201 0103 0103 0002 0401 0001 0203 0202 0402 0202 0303 0400 0102 0301 0202 0204 0201 0302 0103 0404 0302 0404 0200 0103 0404 0301 0304 0104 0302 0302 0104 0400 0304 0200 0302 0101 0303 0201 0003 0202 0101 0100 0103 0302 0403 0301 0203 0203 0403 0202 0302 0102 0102 0301 0002 0204
137 , 0201 0300 0103 0404 0302 0404 0204 0103 0401 0301 0301 0104 0302 0302 0104 0103 0304 0301 0002 0101 0303 0203 0400 0202 0100 0100 0103 0302 0403 0301 0203 0203 0402 0204 0302 0000 0002 0301 0202 0204 0200 0302 0103 0004 0302 0400 0204 0103 0404 0301 0304 0104 0302 0302 0100 0403 0100 0001 0302 0101 0303 0203 0403 0202 0101 0004 0103 0302 0203 0401 0203 0103 0402 0402 0304 0403 0102 0301 0102 0204
138 , 0001 0302 0103 0404 0302 0404 0204 0103 0304 0301 0304 0104 0300 0302 0104 0403 0104 0401 0302 0101 0303 0203 0403 0202 0101 0104 0103 0302 0403 0400 0203 0203 0402 0202 0002 0102 0102 0301 0202 0204 0401 0402 0102 0404 0302 0404 0004 0104 0404 0301 0304 0104 0302 0302 0104 0403 0304 0401 0302 0101 0303 0203 0403 0200 0101 0100 0303 0102 0003 0401 0200 0200 0402 0202 0302 0402 0102 0301 0202 0204
139 , 0201 0302 0103 0404 0300 0404 0004 0103 0404 0301 0300 0100 0302 0302 0004 0403 0304 0001 0202 0101 0303 0203 0403 0202 0401 0104 0103 0302 0403 0401 0201 0203 0400 0402 0202 0402 0102 0301 0302 0204 0201 0302 0102 0404 0302 0404 0004 0100 0404 0301 0304 0100 0002 0302 0000 0403 0304 0401 0302 0101 0302 0203 0403 0200 0104 0104 0003 0300 0003 0401 0403 0204 0402 0202 0002 0402 0000 0304 0302 0404
140 , 0201 0304 0103 0400 0300 0404 0204 0103 0404 0300 0304 0104 0302 0002 0104 0403 0304 0301 0302 0101 0303 0203 0403 0202 0101 0103 0103 0302 0403 0301 0200 0203 0402 0204 0302 0400 0102 0301 0202 0204 0201 0302 0003 0400 0302 0404 0300 0103 0404 0301 0303 0104 0302 0302 0104 0300 0304 0101 0302 0104 0303 0203 0403 0202 0101 0004 0103 0302 0403 0401 0203 0203 0402 0202 0302 0401 0402 0301 0304 0004
141 , 0401 0302 0100 0304 0102 0304 0204 0003 0404 0301 0304 0104 0400 0302 0104 0403 0304 0401 0302 0101 0303 0403 0403 0202 0101 0104 0103 0302 0403 0401 0203 0200 0004 0202 0302 0402 0102 0301 0201 0204 0201 0002 0103 0404 0303 0404 0204 0103 0400 0101 0304 0104 0303 0002 0104 0401 0304 0401 0302 0101 0303 0203 0403 0204 0101 0204 0103 0302 0303 0401 0203 0203 0402 0001 0302 0402 0102 0301 0202 0200
142 , 0201 0300 0103 0404 0100 0404 0204 0103 0404 0301 0304 0104 0302 0302 0104 0203 0304 0401 0302 0101 0303 0203 0403 0202 0001 0104 0103 0302 0403 0301 0403 0303 0402 0202 0302 0402 0102 0302 0202 0404 0201 0302 0103 0204 0300 0400 0204 0103 0404 0304 0304 0004 0002 0302 0104 0403 0304 0401 0002 0100 0300 0200 0403 0202 0401 0100 0101 0002 0403 0301 0003 0203 0402 0002 0302 0402 0002 0001 0202 0204
143 , 0401 0302 0104 0404 0302 0404 0204 0103 0404 0000 0303 0100 0302 0302 0102 0403 0304 0201 0302 0101 0303 0200 0403 0200 0101 0104 0103 0302 0403 0401 0203 0203 0402 0003 0302 0400 0102 0301 0204 0204 0201 0302 0203 0404 0402 0404 0000 0103 0104 0001 0304 0404 0002 0302 0004 0400 0304 0401 0302 0301 0304 0200 0402 0202 0101 0104 0100 0302 0003 0302 0200 0203 0302 0102 0402 0402 0102 0301 0102 0204
144 , 0201 0302 0003 0402 0302 0404 0200 0300 0404 0301 0304 0100 0302 0300 0104 0403 0304 0401 0302 0101 0303 0202 0400 0202 0104 0104 0103 0302 0403 0401 0103 0203 0402 0202 0300 0402 0102 0401 0202 0204 0201 0400 0103 0404 0302 0002 0204 0103 0404 0301 0004 0104 0102 0302 0104 0403 0300 0001 0300 0304 0302 0203 0403 0200 0101 0104 0102 0302 0103 0401 0003 0203 0402 0200 0304 0402 0102 0301 0202 0204
145 , 0201 0302 0003 0404 0402 0401 0204 0101 0404 0302 0004 0104 0300 0004 0104 0403 0304 0401 0302 0301 0303 0303 0403 0202 0100 0104 0103 0300 0003 0401 0003 0203 0404 0201 0302 0002 0100 0301 0202 0204 0201 0302 0103 0404 0104 0404 0204 0103 0004 0301 0304 0104 0302 0302 0104 0003 0304 0400 0302 0101 0003 0203 0403 0202 0101 0104 0103 0002 0403 0301 0203 0203 0400 0202 0302 0002 0002 0301 0200 0000
146 , 0200 0302 0203 0404 0102 0004 0204 0103 0404 0301 0303 0104 0300 0300 0104 0404 0304 0200 0302 0101 0303 0403 0401 0202 0100 0104 0003 0302 0403 0401 0200 0203 0402 0002 0304 0402 0102 0401 0202 0204 0201 0302 0103 0404 0302 0404 0204 0103 0404 0001 0203 0104 0302 0301 0101 0203 0204 0401 0300 0101 0300 0203 0102 0204 0103 0102 0103 0002 0303 0401 0203 0200 0402 0002 0302 0402 0102 0301 0202 0204
147 , 0201 0302 0403 0404 0302 0404 0204 0101 0404 0301 0404 0104 0302 0304 0104 0403 0300 0401 0302 0101 0303 0200 0403 0202 0101 0100 0103 0102 0403 0401 0203 0203 0202 0201 0302 0400 0102 0301 0202 0004 0201 0304 0103 0404 0302 0400 0204 0103 0104 0301 0304 0104 0302 0302 0004 0403 0300 0401 0302 0101 0303 0203 0403 0202 0101 0104 0103 0302 0403 0401 0203 0201 0402 0201 0102 0402 0102 0301 0202 0404
148 , 0201 0302 0100 0204 0302 0404 0204 0103 0404 0301 0304 0104 0302 0302 0100 0003 0004 0401 0302 0101 0303 0203 0403 0202 0401 0104 0101 0302 0403 0401 0203 0200 0402 0202 0302 0402 0102 0301 0102 0204 0001 0302 0100 0004 0002 0204 0204 0103 0404 0102 0304 0004 0302 0302 0104 0303 0300 0100 0202 0001 0003 0200 0403 0202 0201 0104 0100 0302 0403 0401 0203 0203 0402 0201 0302 0401 0402 0302 0104 0204
149 , 0201 0300 0103 0404 0302 0404 0204 0103 0404 0301 0304 0104 0302 0302 0103 0403 0404 0401 0302 0101 0303 0203 0100 0202 0101 0104 0203 0302 0400 0401 0203 0203 0302 0002 0302 0402 0402 0301 0202 0204 0201 0302 0102 0404 0302 0001 0204 0003 0004 0301 0304 0104 0302 0004 0104 0400 0304 0403 0402 0101 0003 0003 0403 0402 0201 0304 0100 0302 0403 0401 0200 0202 0402 0201 0302 0402 0002 0301 0002 0204
150 , 0202 0302 0103 0404 0002 0000 0204 0100 0404 0301 0304 0003 0302 0302 0300 0300 0204 0401 0102 0102 0303 0203 0003 0200 0101 0104 0103 0300 0402 0401 0203 0203 0400 0202 0302 0002 0102 0001 0102 0204 0201 0302 0100 0404 0302 0404 0204 0103 0404 0301 0304 0104 0302 0302 0104 0401 0304 0402 0002 0101 0300 0303 0403 0002 0101 0204 0103 0300 0300 0001 0203 0203 0002 0202 0300 0402 0100 0301 0202 0204
151 , 0201 0302 0103 0404 0302 0004 0104 0103 0404 0301 0304 0104 0300 0302 0104 0403 0104 0401 0302 0101 0303 0203 0403 0202 0102 0104 0103 0302 0403 0401 0303 0103 0402 0202 0004 0000 0102 0301 0102 0204 0201 0302 0103 0102 0302 0404 0204 0103 0404 0300 0304 0104 0302 0302 0101 0403 0304 0401 0302 0100 0300 0204 0403 0202 0101 0104 0103 0302 0403 0400 0203 0303 0402 0202 0302 0402 0102 0301 0201 0200
152 , 0001 0302 0103 0404 0302 0404 0403 0103 0404 0300 0304 0204 0302 0300 0104 0103 0304 0401 0302 0004 0303 0003 0403 0202 0101 0104 0103 0300 0403 0401 0203 0100 0402 0202 0302 0002 0102 0302 0202 0204 0204 0303 0101 0404 0002 0401 0204 0103 0404 0301 0004 0104 0302 0302 0404 0400 0204 0401 0304 0101 0203 0203 0403 0202 0001 0401 0103 0300 0403 0404 0203 0203 0402 0202 0302 0402 0102 0301 0002 0204
153 , 0201 0302 0103 0404 0002 0404 0204 0103 0404 0101 0304 0104 0303 0300 0304 0403 0304 0402 0302 0401 0303 0403 0403 0202 0101 0100 0303 0302 0203 0401 0203 0204 0402 0002 0300 0002 0002 0301 0202 0004 0201 0304 0103 0404 0302 0404 0204 0103 0404 0200 0304 0104 0402 0302 0104 0403 0303 0401 0302 0100 0303 0200 0003 0202 0101 0104 0003 0303 0403 0401 0403 0203 0402 0202 0302 0402 0102 0001 0202 0204
154 , 0201 0302 0103 0404 0402 0404 0204 0103 0104 0300 0304 0104 0302 0302 0100 0403 0304 0401 0302 0301 0304 0403 0402 0202 0101 0104 0103 0302 0003 0301 0201 0203 0402 0102 0400 0402 0000 0301 0102 0004 0201 0302 0103 0404 0302 0403 0200 0103 0404 0301 0204 0104 0302 0004 0104 0404 0304 0401 0302 0100 0303 0003 0403 0102 0101 0404 0101 0302 0403 0001 0203 0003 0102 0202 0302 0402 0104 0301 0202 0204
155 , 0201 0302 0103 0404 0302 0400 0000 0003 0404 0301 0300 0103 0302 0402 0104 0403 0304 0402 0302 0101 0300 0203 0403 0202 0101 0104 0103 0302 0403 0401 0003 0203 0101 0202 0300 0000 0102 0201 0202 0204 0200 0302 0103 0004 0301 0402 0204 0103 0404 0101 0203 0104 0302 0300 0104 0403 0304 0102 0302 0101 0303 0202 0003 0200 0101 0404 0103 0302 0203 0401 0203 0203 0402 0002 0302 0404 0102 0301 0202 0204
156 , 0201 0304 0104 0404 0303 0404 0204 0103 0404 0300 0304 0100 0302 0000 0104 0002 0304 0401 0302 0101 0303 0203 0003 0201 0104 0100 0102 0302 0003 0401 0203 0203 0402 0202 0302 0003 0102 0001 0102 0204 0201 0302 0103 0404 0302 0404 0403 0103 0400 0401 0304 0104 0302 0302 0104 0103 0304 0401 0302 0104 0303 0203 0403 0202 0001 0004 0203 0302 0103 0401 0203 0103 0002 0202 0302 0400 0102 0302 0202 0204
157 , 0203 0102 0103 0400 0302 0404 0204 0103 0404 0303 0304 0104 0002 0302 0204 0403 0304 0401 0302 0102 0303 0203 0403 0202 0101 0104 0103 0300 0403 0401 0102 0003 0002 0202 0302 0402 0102 0400 0202 0204 0401 0400 0103 0300 0302 0404 0202 0103 0404 0301 0304 0104 0302 0302 0104 0403 0104 0101 0302 0301 0303 0203 0403 0202 0101 0104 0103 0302 0403 0401 0203 0003 0402 0203 0002 0102 0102 0301 0202 0204
158 , 0001 0302 0103 0404 0302 0404 0204 0103 0400 0301 0304 0004 0302 0302 0104 0403 0300 0401 0302 0100 0300 0303 0403 0201 0401 0104 0103 0302 0403 0001 0201 0303 0402 0002 0102 0402 0102 0301 0102 0200 0200 0300 0103 0404 0302 0004 0204 0100 0404 0001 0300 0004 0302 0302 0104 0403 0004 0404 0301 0101 0003 0003 0003 0202 0003 0101 0103 0302 0403 0401 0203 0203 0403 0002 0302 0402 0102 0301 0202 0204
159 , 0201 0302 0103 0400 0302 0404 0204 0104 0404 0303 0304 0104 0202 0302 0104 0403 0304 0001 0302 0100 0301 0203 0403 0202 0401 0104 0102 0300 0402 0401 0203 0203 0402 0202 0302 0100 0100 0301 0002 0204 0201 0302 0103 0404 0302 0404 0204 0103 0404 0301 0304 0104 0302 0102 0304 0403 0304 0401 0302 0101 0303 0203 0003 0202 0103 0104 0103 0302 0403 0401 0200 0203 0202 0202 0302 0402 0302 0301 0102 0204
160 , 0201 0102 0103 0404 0000 0204 0204 0303 0404 0301 0304 0104 0302 0302 0004 0403 0104 0401 0302 0101 0303 0203 0000 0202 0101 0104 0003 0303 0403 0401 0000 0203 0402 0202 0302 0402 0102 0301 0202 0204 0201 0002 0101 0004 0302 0400 0204 0103 0204 0301 0304 0104 0302 0302 0004 0403 0304 0400 0302 0101 0303 0204 0403 0202 0101 0104 0103 0302 0201 0401 0200 0203 0402 0202 0302 0400 0102 0301 0202 0304
161 , 0202 0302 0003 0104 0300 0400 0204 0103 0401 0301 0304 0104 0202 0302 0104 0403 0104 0001 0302 0101 0303 0203 0000 0202 0201 0004 0103 0302 0403 0201 0203 0000 0202 0202 0302 0402 0102 0301 0403 0200 0401 0302 0003 0404 0302 0404 0204 0103 0400 0301 0304 0104 0302 0002 0104 0100 0304 0401 0302 0001 0303 0203 0403 0202 0101 0104 0101 0302 0003 0004 0203 0203 0102 0202 0302 0402 0102 0301 0202 0204
162 , 0401 0302 0103 0404 0302 0404 0204 0103 0404 0301 0304 0100 0302 0302 0104 0403 0302 0401 0202 0101 0303 0203 0403 0002 0101 0004 0003 0302 0403 0401 0203 0203 0400 0200 0002 0402 0102 0201 0202 0204 0201 0302 0103 0400 0302 0404 0204 0103 0404 0301 0004 0104 0302 0300 0104 0403 0304 0001 0302 0101 0301 0203 0400 0202 0001 0104 0103 0300 0403 0001 0203 0200 0402 0202 0302 0400 0102 0301 0200 0204
163 , 0001 0300 0103 0404 0302 0404 0004 0103 0404 0301 0000 0104 0302 0302 0104 0102 0304 0401 0302 0101 0303 0200 0400 0202 0101 0104 0101 0302 0403 0404 0203 0203 0402 0000 0302 0402 0102 0301 0202 0004 0201 0302 0103 0400 0302 0404 0200 0100 0404 0000 0300 0104 0402 0300 0104 0003 0304 0301 0102 0101 0303 0200 0400 0302 0101 0104 0100 0302 0003 0303 0203 0203 0402 0204 0300 0400 0102 0000 0202 0204
164 , 0201 0202 0003 0404 0402 0400 0204 0103 0104 0301 0304 0104 0302 0302 0104 0403 0304 0401 0302 0101 0304 0203 0402 0202 0101 0104 0103 0302 0403 0001 0001 0203 0002 0102 0402 0402 0102 0301 0102 0004 0201 0302 0103 0404 0302 0401 0204 0103 0404 0301 0304 0104 0302 0302 0004 0003 0304 0401 0302 0101 0303 0203 0403 0202 0001 0104 0103 0303 0403 0404 0203 0203 0402 0203 0302 0402 0102 0301 0002 0204
165 , 0201 0302 0103 0404 0202 0004 0204 0103 0404 0301 0404 0104 0102 0302 0104 0403 0304 0402 0302 0101 0103 0203 0403 0202 0101 0003 0001 0002 0403 0401 0201 0204 0002 0202 0302 0402 0202 0301 0202 0204 0201 0102 0003 0404 0302 0404 0204 0103 0404 0001 0304 0104 0300 0302 0204 0403 0303 0401 0302 0301 0003 0203 0403 0202 0101 0104 0103 0302 0403 0301 0003 0203 0402 0202 0300 0402 0402 0301 0202 0204
166 , 0001 0302 0103 0404 0002 0404 0204 0103 0404 0301 0304 0104 0002 0302 0104 0403 0300 0401 0302 0101 0003 0200 0403 0202 0100 0104 0003 0002 0403 0401 0003 0200 0202 0202 0002 0402 0102 0301 0202 0204 0201 0000 0100 0004 0302 0400 0204 0103 0304 0000 0004 0104 0302 0302 0004 0403 0404 0401 0302 0101 0301 0203 0403 0203 0101 0104 0003 0302 0003 0401 0203 0403 0402 0202 0302 0402 0102 0001 0202 0200
167 , 0101 0302 0003 0400 0302 0404 0204 0100 0004 0401 0304 0104 0302 0302 0104 0403 0100 0401 0302 0101 0303 0203 0400 0202 0101 0104 0003 0302 0400 0401 0203 0103 0403 0202 0304 0003 0102 0301 0102 0204 0401 0300 0104 0404 0402 0400 0204 0103 0404 0301 0004 0104 0302 0302 0104 0403 0304 0401 0300 0101 0303 0203 0003 0202 0001 0104 0103 0302 0403 0401 0003 0203 0402 0202 0302 0403 0102 0301 0202 0204
168 , 0202 0200 0103 0404 0302 0404 0204 0203 0404 0301 0303 0103 0302 0202 0404 0403 0304 0401 0302 0301 0301 0203 0000 0203 0101 0104 0100 0302 0403 0401 0003 0203 0402 0102 0304 0402 0102 0301 0202 0200 0201 0202 0103 0402 0302 0404 0404 0003 0401 0201 0301 0104 0302 0300 0103 0303 0104 0101 0302 0104 0303 0000 0403 0202 0101 0104 0203 0302 0003 0401 0200 0203 0402 0200 0302 0403 0002 0301 0004 0400
169 , 0201 0302 0103 0402 0302 0004 0204 0403 0404 0300 0304 0104 0302 0302 0104 0403 0304 0301 0302 0101 0303 0003 0400 0202 0100 0104 0103 0302 0003 0401 0203 0203 0400 0202 0302 0402 0100 0301 0002 0204 0201 0302 0103 0404 0302 0204 0200 0103 0404 0103 0304 0104 0303 0302 0100 0403 0301 0402 0302 0101 0303 0200 0403 0102 0001 0104 0103 0302 0003 0401 0203 0200 0400 0002 0302 0402 0102 0301 0202 0204
170 , 0204 0302 0103 0404 0302 0404 0204 0100 0404 0301 0304 0104 0302 0302 0100 0403 0200 0404 0301 0001 0303 0200 0400 0202 0103 0001 0103 0302 0403 0401 0203 0203 0402 0202 0300 0402 0102 0301 0003 0202 0201 0402 0103 0404 0302 0404 0204 0103 0404 0303 0304 0104 0302 0302 0104 0103 0300 0401 0302 0401 0303 0200 0400 0400 0101 0104 0101 0300 0403 0404 0203 0203 0402 0002 0302 0402 0104 0301 0202 0204
171 , 0201 0302 0103 0404 0302 0401 0200 0103 0200 0101 0300 0104 0002 0300 0104 0403 0304 0402 0302 0102 0303 0203 0403 0202 0101 0104 0103 0301 0201 0404 0203 0003 0402 0202 0302 0302 0002 0301 0202 0304 0201 0300 0103 0004 0302 0404 0200 0103 0404 0301 0304 0100 0302 0300 0104 0400 0302 0201 0202 0100 0004 0203 0403 0202 0101 0004 0103 0300 0403 0404 0203 0203 0400 0202 0300 0202 0102 0201 0202 0204
172 , 0201 0302 0002 0404 0302 0001 0004 0103 0404 0301 0001 0104 0302 0302 0104 0403 0304 0401 0302 0101 0003 0201 0003 0202 0101 0101 0103 0302 0403 0401 0203 0203 0101 0202 0302 0400 0102 0301 0202 0203 0204 0302 0103 0404 0303 0404 0004 0103 0404 0301 0303 0104 0302 0002 0104 0303 0000 0401 0302 0101 0303 0203 0403 0002 0101 0100 0103 0302 0003 0401 0200 0203 0402 0102 0302 0402 0102 0301 0200 0204
173 , 0200 0302 0103 0404 0300 0400 0204 0103 0404 0301 0304 0404 0302 0302 0104 0403 0304 0401 0302 0101 0203 0203 0403 0002 0101 0004 0303 0302 0203 0400 0202 0203 0402 0202 0302 0402 0102 0301 0202 0204 0302 0002 0103 0004 0102 0404 0200 0103 0404 0301 0000 0103 0002 0302 0104 0003 0204 0401 0102 0102 0303 0200 0403 0002 0101 0004 0103 0301 0400 0401 0203 0203 0402 0202 0302 0402 0102 0301 0204 0204
174 , 0201 0302 0103 0404 0302 0400 0204 0103 0404 0001 0201 0104 0302 0302 0104 0403 0304 0401 0302 0100 0003 0203 0403 0202 0101 0101 0103 0302 0403 0401 0200 0203 0001 0202 0302 0401 0102 0300 0202 0204 0201 0300 0103 0404 0402 0400 0204 0100 0404 0301 0004 0104 0302 0302 0100 0403 0304 0000 0202 0101 0301 0203 0403 0202 0101 0104 0100 0302 0403 0401 0203 0303 0402 0202 0302 0002 0102 0302 0202 0203
175 , 0300 0402 0203 0401 0300 0404 0001 0303 0404 0301 0304 0104 0302 0302 0104 0403 0300 0401 0002 0401 0304 0203 0403 0202 0101 0000 0104 0302 0403 0401 0203 0200 0402 0200 0302 0402 0102 0301 0202 0204 0201 0102 0103 0304 0302 0404 0204 0203 0404 0301 0304 0104 0100 0002 0100 0003 0300 0401 0302 0001 0303 0203 0403 0202 0101 0104 0003 0302 0403 0404 0203 0200 0402 0202 0302 0403 0100 0301 0002 0204
176 , 0201 0302 0103 0404 0302 0404 0104 0103 0404 0301 0304 0100 0302 0304 0104 0100 0304 0403 0300 0101 0303 0201 0103 0202 0101 0104 0103 0002 0403 0401 0303 0203 0402 0401 0302 0402 0002 0001 0102 0204 0201 0302 0003 0404 0300 0404 0204 0003 0204 0101 0304 0004 0302 0302 0104 0403 0304 0402 0302 0104 0304 0203 0403 0202 0101 0301 0103 0302 0003 0401 0203 0203 0403 0202 0300 0402 0100 0301 0202 0204
177 , 0201 0300 0103 0404 0302 0402 0304 0103 0404 0301 0004 0104 0302 0302 0104 0403 0104 0401 0302 0101 0303 0200 0400 0202 0102 0104 0103 0002 0400 0401 0203 0203 0200 0202 0304 0402 0102 0301 0102 0204 0201 0302 0103 0404 0302 0404 0004 0103 0404 0001 0304 0104 0402 0002 0100 0400 0304 0301 0102 0100 0303 0203 0403 0202 0101 0104 0003 0302 0403 0303 0203 0203 0402 0204 0302 0400 0102 0301 0202 0204
178 , 0201 0002 0102 0404 0302 0404 0204 0102 0404 0101 0304 0400 0302 0300 0104 0403 0304 0402 0302 0001 0300 0203 0403 0202 0103 0301 0103 0302 0203 0401 0203 0203 0403 0202 0302 0402 0102 0301 0200 0204 0201 0302 0103 0002 0302 0404 0204 0103 0404 0001 0304 0102 0402 0302 0004 0403 0304 0400 0302 0101 0303 0200 0003 0202 0101 0104 0103 0302 0100 0402 0203 0203 0404 0202 0302 0402 0102 0301 0102 0200
179 , 0001 0302 0103 0404 0300 0404 0204 0103 0404 0301 0304 0104 0304 0202 0104 0403 0304 0401 0302 0101 0303 0203 0003 0202 0101 0004 0403 0202 0003 0401 0203 0203 0201 0202 0302 0102 0002 0301 0200 0200 0204 0302 0103 0404 0302 0404 0204 0104 0004 0301 0201 0102 0002 0002 0104 0403 0300 0401 0302 0101 0303 0203 0403 0002 0101 0101 0103 0302 0103 0401 0203 0203 0401 0202 0302 0401 0102 0001 0200 0200
180 , 0201 0102 0103 0404 0302 0404 0204 0003 0404 0301 0304 0004 0302 0302 0104 0403 0301 0400 0302 0101 0303 0203 0403 0202 0101 0104 0103 0302 0403 0401 0203 0203 0002 0202 0300 0402 0402 0301 0202 0204 0001 0302 0103 0404 0302 0404 0204 0103 0004 0301 0304 0104 0302 0302 0204 0303 0004 0101 0302 0101 0303 0003 0403 0202 0101 0104 0103 0302 0403 0001 0203 0203 0402 0202 0002 0401 0402 0301 0200 0204
181 , 0201 0302 0003 0404 0303 0404 0204 0103 0404 0001 0304 0004 0302 0302 0104 0403 0300 0000 0302 0101 0303 0203 0003 0302 0101 0104 0104 0302 0403 0301 0203 0303 0002 0004 0300 0402 0102 0304 0202 0204 0201 0302 0403 0404 0402 0404 0204 0103 0104 0301 0304 0004 0302 0302 0104 0403 0304 0001 0300 0301 0304 0303 0402 0202 0101 0104 0103 0302 0401 0301 0201 0203 0402 0102 0402 0402 0102 0301 0102 0204
182 , 0201 0302 0103 0404 0302 0404 0204 0103 0404 0301 0404 0104 0004 0300 0004 0403 0004 0401 0302 0002 0000 0203 0403 0202 0101 0304 0103 0002 0403 0401 0003 0203 0201 0202 0302 0002 0102 0300 0002 0004 0001 0302 0103 0404 0303 0404 0204 0103 0404 0301 0304 0104 0300 0300 0104 0403 0304 0401 0302 0101 0303 0203 0403 0202 0101 0104 0003 0302 0403 0401 0203 0403 0402 0202 0302 0402 0102 0301 0002 0204
183 , 0001 0302 0103 0404 0002 0404 0204 0003 0404 0301 0304 0104 0202 0302 0104 0402 0104 0404 0300 0101 0303 0203 0403 0200 0201 0304 0203 0302 0403 0401 0203 0203 0402 0202 0302 0402 0102 0301 0202 0204 0201 0302 0403 0404 0302 0402 0200 0103 0404 0301 0300 0104 0302 0300 0004 0303 0303 0401 0402 0001 0303 0202 0403 0202 0101 0104 0103 0002 0003 0401 0203 0203 0202 0202 0302 0402 0102 0301 0202 0004
184 , 0201 0302 0003 0404 0300 0104 0204 0003 0404 0101 0004 0104 0301 0302 0100 0403 0304 0401 0003 0101 0303 0400 0403 0200 0101 0204 0100 0302 0403 0401 0203 0203 0002 0202 0302 0404 0102 0301 0202 0204 0201 0302 0203 0404 0302 0404 0204 0103 0404 0301 0304 0104 0002 0302 0104 0403 0304 0401 0300 0101 0303 0203 0403 0202 0001 0100 0103 0302 0203 0401 0200 0203 0002 0002 0302 0402 0102 0101 0202 0204
185 , 0201 0302 0403 0404 0302 0404 0204 0101 0404 0303 0304 0104 0002 0304 0104 0303 0304 0401 0302 0101 0303 0203 0403 0202 0101 0104 0103 0202 0403 0403 0003 0203 0402 0201 0302 0402 0102 0301 0202 0204 0201 0302 0103 0304 0102 0404 0204 0003 0404 0302 0304 0100 0302 0300 0004 0103 0300 0401 0202 0101 0103 0300 0403 0202 0201 0104 0103 0302 0400 0400 0203 0203 0402 0202 0302 0403 0102 0001 0202 0204
186 , 0201 0002 0103 0404 0002 0404 0403 0103 0404 0301 0304 0100 0302 0302 0102 0103 0304 0401 0302 0104 0303 0203 0403 0202 0101 0104 0103 0302 0403 0400 0203 0103 0402 0202 0302 0402 0002 0302 0202 0204 0201 0302 0103 0400 0302 0204 0204 0003 0401 0001 0304 0104 0002 0300 0101 0403 0304 0203 0301 0101 0303 0003 0403 0202 0102 0004 0003 0302 0403 0401 0203 0203 0402 0202 0302 0002 0102 0201 0202 0204
187 , 0201 0302 0103 0001 0302 0404 0403 0103 0404 0302 0303 0100 0302 0002 0103 0003 0304 0401 0302 0004 0003 0003 0403 0202 0101 0104 0103 0302 0403 0401 0203 0100 0402 0002 0302 0402 0102 0300 0202 0004 0201 0304 0403 0004 0302 0404 0204 0103 0404 0301 0004 0004 0302 0002 0104 0404 0304 0401 0402 0101 0303 0203 0400 0202 0101 0104 0103 0000 0404 0401 0103 0203 0402 0202 0302 0202 0102 0301 0202 0204
188 , 0201 0302 0102 0404 0304 0404 0204 0103 0004 0301 0304 0100 0302 0302 0104 0103 0304 0401 0304 0101 0404 0203 0403 0202 0101 0101 0003 0002 0403 0400 0200 0202 0402 0203 0302 0302 0102 0301 0202 0204 0201 0002 0103 0404 0302 0404 0004 0103 0404 0301 0304 0104 0302 0302 0103 0403 0204 0401 0002 0001 0303 0203 0403 0200 0101 0100 0103 0302 0403 0401 0203 0203 0002 0202 0302 0002 0402 0001 0202 0204
189 , 0201 0302 0103 0304 0302 0404 0204 0103 0404 0301 0304 0104 0302 0102 0304 0403 0304 0401 0302 0101 0003 0203 0403 0202 0103 0102 0103 0302 0403 0401 0303 0203 0002 0202 0302 0402 0302 0301 0102 0204 0201 0302 0203 0404 0002 0404 0204 0003 0404 0001 0304 0104 0302 0302 0104 0403 0304 0401 0402 0101 0003 0203 0403 0200 0101 0100 0100 0202 0403 0401 0203 0403 0402 0200 0002 0402 0102 0201 0002 0204
190 , 0001 0302 0103 0400 0302 0404 0204 0103 0404 0301 0304 0104 0302 0002 0004 0403 0104 0401 0302 0101 0303 0203 0403 0200 0101 0104 0103 0302 0403 0401 0203 0103 0404 0300 0000 0400 0102 0301 0102 0204 0001 0303 0104 0404 0302 0404 0200 0103 0404 0301 0304 0004 0302 0300 0104 0402 0304 0401 0302 0201 0003 0203 0103 0204 0301 0104 0303 0302 0403 0001 0203 0203 0402 0202 0302 0102 0100 0300 0202 0204
191 , 0201 0302 0103 0404 0000 0004 0204 0103 0404 0300 0304 0104 0302 0002 0104 0403 0304 0401 0301 0101 0003 0203 0403 0202 0101 0104 0003 0302 0400 0401 0203 0203 0402 0202 0002 0402 0102 0301 0202 0404 0200 0302 0103 0404 0302 0404 0204 0000 0404 0301 0304 0102 0302 0302 0104 0400 0304 0401 0302 0101 0303 0201 0401 0202 0400 0104 0104 0400 0403 0401 0203 0203 0002 0102 0002 0102 0102 0301 0202 0204
192 , 0201 0302 0103 0402 0302 0404 0204 0103 0404 0301 0104 0104 0302 0300 0104 0403 0304 0001 0302 0001 0303 0003 0403 0203 0101 0104 0101 0302 0400 0401 0203 0200 0002 0202 0304 0402 0102 0301 0204 0204 0201 0302 0003 0404 0002 0404 0104 0103 0404 0301 0304 0004 0302 0302 0004 0402 0304 0401 0302 0101 0404 0203 0403 0202 0101 0104 0103 0302 0403 0401 0003 0203 0400 0202 0302 0002 0102 0301 0202 0204
193 , 0201 0302 0103 0404 0303 0401 0204 0103 0304 0101 0304 0104 0302 0302 0100 0403 0304 0401 0102 0101 0300 0203 0403 0202 0101 0004 0100 0302 0403 0400 0200 0201 0402 0204 0302 0402 0102 0301 0202 0204 0201 0302 0404 0404 0302 0004 0204 0103 0404 0301 0304 0104 0300 0304 0104 0303 0304 0201 0302 0301 0303 0203 0403 0202 0101 0104 0200 0302 0403 0001 0203 0203 0403 0001 0302 0403 0102 0300 0302 0204
194 , 0201 0100 0100 0402 0102 0404 0204 0103 0104 0001 0304 0104 0302 0302 0004 0402 0304 0401 0302 0101 0303 0203 0103 0202 0101 0104 0103 0402 0403 0401 0203 0203 0404 0202 0302 0402 0100 0301 0202 0204 0201 0302 0103 0404 0002 0404 0204 0103 0404 0301 0304 0104 0302 0302 0104 0403 0204 0401 0302 0101 0300 0200 0403 0202 0102 0100 0103 0304 0403 0400 0203 0203 0002 0202 0304 0402 0102 0301 0102 0004
195 , 0201 0302 0103 0404 0100 0404 0202 0203 0404 0300 0404 0104 0302 0300 0104 0403 0304 0401 0302 0100 0303 0203 0404 0202 0101 0104 0103 0302 0203 0401 0203 0003 0402 0202 0302 0402 0102 0301 0202 0204 0201 0302 0103 0404 0402 0404 0204 0103 0104 0304 0004 0104 0302 0302 0104 0403 0304 0401 0302 0101 0104 0003 0402 0202 0101 0104 0103 0302 0003 0301 0201 0200 0002 0002 0402 0402 0302 0301 0102 0204
196 , 0001 0300 0303 0404 0302 0404 0200 0203 0404 0301 0304 0100 0302 0302 0104 0400 0304 0401 0302 0100 0403 0203 0400 0202 0101 0103 0003 0302 0001 0401 0203 0203 0002 0202 0103 0002 0102 0001 0202 0204 0201 0302 0103 0404 0302 0404 0204 0103 0304 0301 0300 0104 0302 0303 0004 0403 0304 0001 0302 0001 0303 0103 0403 0102 0101 0100 0101 0302 0401 0001 0203 0203 0402 0202 0302 0402 0102 0301 0202 0200
197 , 0202 0302 0003 0404 0302 0404 0204 0203 0404 0001 0004 0000 0302 0302 0104 0403 0304 0401 0302 0101 0003 0203 0403 0202 0101 0103 0103 0302 0401 0401 0203 0003 0402 0202 0300 0402 0002 0301 0202 0004 0001 0302 0403 0404 0302 0404 0204 0101 0404 0301 0304 0104 0302 0304 0004 0403 0304 0401 0301 0101 0303 0003 0403 0202 0300 0104 0103 0302 0400 0401 0203 0203 0402 0001 0302 0402 0102 0301 0202 0204
198 , 0201 0302 0103 0400 0302 0404 0204 0103 0401 0300 0204 0104 0302 0302 0004 0403 0304 0401 0302 0100 0003 0203 0400 0202 0101 0104 0103 0302 0403 0000 0203 0003 0402 0202 0302 0402 0102 0401 0202 0203 0202 0002 0103 0400 0302 0404 0204 0103 0404 0301 0304 0100 0302 0302 0104 0300 0204 0401 0102 0002 0303 0203 0403 0202 0101 0104 0003 0302 0400 0401 0003 0203 0402 0002 0002 0402 0002 0301 0202 0204
199 , 0001 0302 0103 0404 0300 0404 0204 0100 0400 0301 0300 0104 0302 0302 0104 0403 0304 0402 0302 0001 0303 0203 0403 0202 0101 0204 0103 0302 0400 0001 0203 0203 0400 0202 0302 0402 0102 0301 0202 0201 0201 0302 0103 0404 0302 0004 0403 0104 0404 0301 0304 0404 0302 0302 0104 0100 0304 0401 0302 0101 0103 0203 0403 0002 0100 0104 0103 0002 0404 0001 0203 0101 0402 0200 0302 0402 0102 0302 0202 0204
200 , 0201 0302 0003 0404 0302 0304 0200 0101 0404 0301 0304 0303 0300 0300 0104 0400 0304 0400 0302 0101 0300 0203 0400 0002 0101 0103 0203 0302 0401 0403 0203 0200 0402 0202 0302 0404 0102 0301 0202 0204 0201 0302 0403 0404 0302 0404 0004 0203 0402 0301 0304 0004 0300 0302 0104 0403 0304 0400 0002 0101 0303 0203 0103 0202 0101 0204 0103 0302 0403 0402 0203 0003 0402 0202 0101 0402 0001 0301 0202 0004