Generated genotype output
1
2
3
4
5
6
7
8
9
10
11
12
13
14
15
16
17
18
19
20
21
22
23
24
25
26
27
28
29
30
31
32
33
34
35
36
37
38
39
40
41
42
43
44
45
46
47
48
49
50
51
52
53
54
55
56
57
58
59
60
61
62
63
64
65
66
67
68
69
70
71
72
73
74
75
76
77
78
79
80
Pop
1 , 0203 0201 0204 0101 0104 0401 0404 0401 0103 0103 0302 0104 0104 0102 0103 0003 0401 0204 0203 0004 0403 0402 0202 0401 0002 0302 0402 0102 0104 0104 0300 0102 0101 0200 0402 0203 0404 0103 0202 0401 0003 0001 0404 0101 0104 0401 0204 0401 0003 0003 0202 0404 0104 0102 0101 0103 0000 0204 0201 0300 0103 0402 0002 0400 0003 0302 0402 0102 0101 0303 0302 0102 0400 0200 0401 0204 0400 0103 0202 0400
2 , 0203 0401 0204 0101 0104 0401 0404 0401 0103 0103 0202 0104 0004 0102 0101 0100 0401 0204 0301 0303 0103 0002 0202 0401 0203 0000 0400 0102 0101 0000 0302 0402 0101 0201 0402 0204 0404 0100 0200 0101 0203 0402 0204 0001 0104 0401 0404 0401 0400 0103 0104 0104 0104 0102 0101 0003 0400 0204 0201 0304 0104 0402 0002 0401 0203 0000 0402 0102 0101 0103 0002 0100 0101 0201 0402 0404 0404 0103 0300 0401
3 , 0203 0401 0204 0101 0104 0401 0404 0401 0103 0103 0402 0104 0104 0102 0101 0103 0401 0204 0201 0304 0103 0402 0102 0301 0203 0300 0402 0302 0101 0104 0302 0102 0101 0201 0404 0204 0404 0103 0202 0401 0203 0400 0204 0104 0104 0403 0404 0401 0103 0103 0202 0104 0100 0102 0100 0103 0401 0000 0200 0304 0104 0402 0202 0401 0204 0300 0402 0102 0101 0102 0302 0102 0101 0201 0402 0300 0404 0103 0202 0403
4 , 0203 0401 0204 0001 0104 0001 0404 0401 0103 0003 0202 0104 0104 0102 0101 0103 0201 0204 0201 0104 0103 0402 0202 0401 0203 0302 0402 0102 0101 0103 0302 0302 0101 0201 0402 0204 0404 0103 0200 0401 0303 0401 0204 0401 0404 0401 0404 0001 0103 0103 0202 0104 0001 0102 0101 0103 0401 0204 0201 0304 0100 0402 0002 0401 0200 0302 0402 0102 0101 0103 0302 0102 0301 0201 0402 0204 0404 0103 0303 0400
5 , 0203 0401 0204 0101 0204 0401 0404 0401 0103 0003 0202 0004 0101 0102 0001 0103 0400 0204 0201 0304 0103 0102 0202 0401 0203 0302 0402 0102 0101 0003 0302 0102 0101 0201 0402 0201 0404 0003 0202 0401 0203 0401 0204 0101 0004 0301 0404 0401 0003 0103 0203 0104 0100 0102 0101 0104 0401 0204 0201 0404 0103 0403 0200 0401 0204 0302 0402 0102 0101 0103 0302 0102 0101 0201 0402 0204 0404 0103 0302 0001
6 , 0203 0204 0204 0101 0104 0401 0004 0400 0103 0103 0202 0104 0104 0102 0001 0103 0401 0204 0201 0304 0003 0402 0200 0401 0200 0302 0402 0104 0101 0103 0302 0100 0101 0201 0402 0204 0404 0100 0202 0401 0203 0401 0204 0101 0104 0401 0404 0400 0103 0103 0200 0104 0104 0102 0101 0103 0401 0204 0304 0300 0103 0402 0202 0401 0203 0302 0402 0102 0101 0103 0002 0102 0101 0001 0402 0204 0404 0103 0202 0301
7 , 0202 0401 0204 0101 0104 0401 0404 0001 0103 0103 0202 0104 0104 0102 0101 0103 0400 0200 0001 0304 0003 0404 0202 0403 0203 0002 0402 0102 0100 0103 0002 0100 0001 0000 0402 0204 0404 0203 0202 0401 0403 0401 0200 0100 0104 0301 0404 0401 0303 0103 0202 0100 0104 0102 0101 0103 0401 0204 0200 0300 0003 0402 0402 0401 0203 0300 0200 0102 0101 0103 0302 0102 0101 0001 0400 0204 0404 0003 0202 0401
8 , 0203 0401 0204 0400 0104 0401 0101 0401 0103 0103 0002 0104 0104 0102 0101 0103 0401 0204 0200 0304 0103 0403 0202 0401 0203 0302 0402 0102 0103 0103 0302 0102 0101 0201 0400 0304 0401 0103 0002 0401 0204 0401 0200 0101 0104 0101 0404 0001 0102 0100 0202 0104 0104 0102 0101 0003 0401 0204 0200 0304 0003 0402 0202 0001 0202 0302 0402 0102 0201 0100 0302 0102 0101 0201 0002 0204 0404 0103 0202 0401
9 , 0200 0401 0204 0100 0104 0401 0400 0401 0103 0100 0200 0004 0104 0102 0000 0103 0400 0204 0201 0304 0103 0402 0202 0401 0203 0302 0402 0102 0101 0003 0302 0102 0401 0201 0401 0204 0400 0103 0202 0401 0203 0101 0204 0101 0104 0401 0004 0301 0103 0103 0202 0004 0104 0102 0101 0103 0201 0204 0201 0000 0103 0402 0202 0401 0203 0302 0402 0102 0001 0403 0302 0102 0201 0200 0402 0204 0404 0103 0202 0401
10 , 0202 0401 0204 0301 0104 0401 0004 0401 0103 0103 0000 0104 0104 0101 0101 0103 0401 0204 0201 0304 0103 0402 0202 0401 0203 0302 0402 0102 0101 0303 0302 0102 0101 0200 0402 0003 0404 0103 0202 0401 0203 0001 0204 0301 0104 0001 0401 0001 0103 0102 0203 0100 0004 0102 0101 0003 0401 0204 0201 0304 0103 0400 0202 0401 0203 0300 0402 0103 0001 0403 0302 0102 0101 0201 0402 0204 0404 0100 0202 0401
11 , 0202 0401 0204 0101 0104 0000 0404 0401 0103 0103 0203 0104 0104 0102 0101 0103 0401 0104 0201 0404 0003 0002 0202 0401 0203 0302 0002 0102 0101 0103 0304 0104 0100 0201 0403 0000 0404 0102 0202 0001 0003 0401 0200 0001 0104 0001 0404 0401 0103 0103 0304 0004 0304 0102 0101 0103 0401 0204 0201 0301 0103 0402 0200 0401 0203 0302 0002 0102 0101 0103 0302 0102 0101 0201 0402 0204 0404 0101 0003 0401
12 , 0200 0001 0204 0101 0104 0401 0404 0401 0103 0103 0202 0104 0104 0102 0101 0103 0401 0204 0001 0300 0103 0402 0202 0001 0203 0304 0402 0102 0401 0103 0302 0102 0101 0201 0402 0304 0304 0100 0202 0401 0003 0400 0204 0101 0104 0401 0404 0401 0403 0303 0200 0100 0104 0102 0100 0100 0101 0204 0401 0300 0103 0403 0002 0401 0201 0302 0402 0001 0101 0103 0302 0102 0100 0201 0402 0202 0404 0103 0202 0401
13 , 0203 0401 0004 0001 0104 0401 0404 0401 0103 0103 0002 0104 0004 0102 0001 0103 0201 0204 0200 0301 0102 0002 0202 0402 0203 0302 0402 0202 0101 0103 0402 0102 0101 0201 0402 0200 0404 0103 0202 0401 0203 0403 0304 0103 0102 0401 0004 0402 0103 0103 0202 0104 0102 0102 0101 0103 0401 0204 0003 0304 0000 0402 0102 0402 0003 0304 0401 0101 0101 0303 0302 0102 0100 0201 0402 0204 0404 0103 0202 0404
14 , 0203 0101 0204 0101 0104 0401 0304 0401 0103 0103 0202 0104 0104 0402 0102 0103 0401 0204 0201 0304 0103 0402 0202 0401 0203 0302 0402 0100 0101 0100 0302 0102 0101 0303 0302 0204 0404 0103 0002 0301 0203 0401 0004 0001 0100 0403 0404 0401 0103 0100 0202 0104 0104 0101 0101 0101 0401 0204 0200 0304 0101 0402 0202 0401 0200 0002 0402 0002 0101 0103 0302 0202 0101 0201 0202 0204 0004 0401 0202 0401
15 , 0200 0401 0204 0001 0104 0401 0404 0404 0103 0103 0302 0104 0104 0102 0101 0103 0101 0004 0201 0300 0103 0402 0102 0401 0203 0302 0400 0102 0101 0103 0302 0102 0101 0200 0403 0204 0404 0103 0202 0301 0203 0401 0204 0201 0204 0401 0404 0401 0103 0103 0202 0104 0104 0402 0100 0103 0401 0204 0201 0102 0103 0202 0202 0401 0203 0302 0402 0102 0101 0003 0203 0102 0101 0201 0402 0204 0404 0103 0202 0401
16 , 0200 0201 0203 0001 0104 0101 0404 0401 0103 0003 0202 0104 0100 0102 0101 0103 0401 0204 0201 0304 0103 0202 0202 0001 0203 0002 0402 0103 0101 0304 0302 0102 0101 0201 0402 0204 0002 0103 0202 0401 0203 0404 0004 0104 0102 0001 0402 0003 0103 0103 0000 0304 0104 0102 0101 0103 0400 0204 0101 0304 0103 0000 0202 0001 0203 0300 0401 0102 0101 0103 0300 0102 0101 0200 0402 0204 0404 0103 0202 0401
17 , 0003 0401 0204 0201 0104 0403 0402 0001 0103 0203 0202 0102 0104 0102 0101 0100 0401 0204 0201 0300 0103 0302 0202 0401 0203 0302 0402 0102 0101 0100 0302 0002 0101 0101 0402 0204 0404 0103 0202 0301 0203 0401 0003 0101 0104 0401 0404 0402 0103 0103 0202 0004 0104 0102 0101 0103 0401 0204 0201 0304 0103 0402 0202 0403 0203 0002 0002 0102 0100 0104 0302 0102 0101 0201 0402 0201 0404 0103 0202 0400
18 , 0203 0401 0200 0101 0104 0402 0404 0001 0100 0103 0202 0104 0100 0102 0101 0103 0401 0204 0200 0300 0103 0402 0202 0401 0203 0302 0001 0102 0101 0103 0302 0102 0101 0201 0002 0204 0404 0100 0102 0401 0203 0201 0204 0101 0004 0401 0403 0401 0103 0101 0202 0104 0204 0102 0101 0103 0400 0204 0201 0304 0103 0402 0202 0201 0203 0302 0402 0102 0101 0103 0302 0202 0101 0201 0402 0200 0401 0103 0202 0401
19 , 0203 0000 0204 0101 0102 0401 0404 0401 0103 0003 0200 0104 0100 0102 0101 0103 0404 0200 0202 0304 0100 0400 0202 0001 0303 0302 0402 0102 0001 0103 0302 0102 0101 0201 0403 0204 0403 0103 0202 0401 0203 0400 0204 0101 0103 0401 0404 0401 0103 0003 0200 0104 0100 0102 0101 0102 0401 0204 0201 0004 0104 0402 0202 0403 0203 0302 0002 0102 0101 0103 0302 0102 0101 0204 0403 0204 0402 0103 0202 0401
20 , 0203 0403 0200 0301 0104 0401 0403 0401 0103 0104 0202 0104 0104 0100 0102 0103 0401 0204 0201 0004 0103 0402 0202 0401 0103 0302 0402 0102 0101 0404 0002 0102 0101 0201 0402 0204 0004 0103 0202 0401 0203 0301 0204 0101 0104 0401 0404 0401 0103 0103 0402 0104 0104 0102 0101 0103 0201 0204 0204 0304 0103 0402 0202 0002 0203 0302 0402 0202 0101 0103 0402 0102 0101 0201 0402 0204 0404 0103 0202 0401
21 , 0203 0401 0204 0201 0104 0401 0404 0401 0103 0103 0202 0104 0104 0002 0201 0103 0401 0200 0201 0304 0103 0402 0202 0101 0003 0302 0402 0102 0101 0100 0000 0102 0101 0201 0402 0204 0404 0103 0004 0301 0203 0401 0004 0301 0104 0401 0404 0401 0103 0103 0204 0104 0004 0102 0102 0003 0401 0203 0101 0304 0003 0001 0202 0401 0203 0002 0400 0002 0101 0103 0302 0102 0101 0201 0002 0204 0404 0103 0202 0401
22 , 0202 0101 0204 0301 0101 0401 0404 0401 0103 0303 0202 0004 0103 0102 0101 0103 0000 0204 0201 0304 0103 0402 0202 0403 0203 0302 0402 0102 0201 0103 0302 0102 0101 0403 0402 0204 0404 0103 0200 0001 0202 0401 0004 0001 0404 0401 0404 0401 0103 0103 0302 0104 0104 0102 0101 0103 0401 0200 0201 0304 0103 0402 0202 0404 0203 0302 0402 0102 0101 0403 0302 0100 0100 0001 0402 0204 0000 0103 0002 0401
23 , 0203 0401 0204 0101 0104 0401 0404 0401 0103 0004 0402 0104 0104 0402 0101 0303 0100 0404 0201 0004 0103 0402 0201 0401 0203 0302 0002 0102 0201 0100 0003 0102 0001 0201 0402 0204 0404 0103 0202 0401 0203 0401 0204 0100 0104 0401 0404 0400 0103 0103 0302 0104 0104 0103 0101 0103 0201 0200 0201 0002 0103 0402 0202 0400 0003 0302 0402 0104 0101 0103 0002 0102 0100 0201 0402 0204 0404 0103 0202 0401
24 , 0203 0401 0204 0301 0100 0201 0400 0400 0103 0003 0202 0104 0104 0102 0101 0100 0400 0204 0201 0300 0103 0400 0202 0401 0203 0302 0402 0100 0101 0103 0002 0102 0101 0201 0402 0200 0404 0101 0202 0201 0203 0401 0204 0101 0104 0401 0404 0101 0103 0100 0402 0104 0104 0104 0101 0103 0401 0204 0201 0304 0100 0401 0200 0400 0203 0304 0002 0103 0100 0103 0000 0102 0100 0001 0402 0204 0304 0103 0202 0400
25 , 0203 0301 0004 0101 0404 0301 0400 0401 0103 0103 0202 0100 0104 0101 0100 0102 0401 0204 0201 0004 0103 0402 0201 0401 0200 0302 0002 0100 0101 0104 0202 0001 0102 0203 0402 0304 0404 0100 0202 0400 0103 0401 0204 0104 0104 0401 0404 0401 0103 0103 0202 0104 0102 0102 0101 0104 0101 0202 0201 0304 0100 0402 0204 0401 0200 0102 0402 0102 0101 0100 0302 0102 0101 0201 0402 0004 0304 0103 0402 0400
26 , 0003 0401 0203 0100 0004 0401 0004 0000 0103 0200 0202 0004 0104 0202 0201 0102 0401 0302 0201 0304 0103 0204 0202 0101 0203 0302 0402 0101 0101 0203 0302 0000 0101 0201 0402 0004 0404 0103 0202 0401 0203 0400 0204 0101 0104 0401 0404 0401 0102 0103 0202 0104 0104 0102 0101 0103 0101 0202 0201 0304 0003 0402 0402 0401 0203 0302 0002 0102 0001 0103 0302 0002 0001 0200 0002 0200 0404 0102 0202 0401
27 , 0003 0001 0104 0101 0104 0401 0400 0401 0103 0103 0202 0104 0100 0102 0100 0103 0401 0204 0201 0304 0103 0403 0202 0401 0203 0302 0402 0102 0401 0203 0300 0102 0101 0200 0400 0304 0400 0103 0202 0404 0203 0203 0304 0101 0101 0401 0004 0402 0103 0103 0200 0104 0100 0102 0101 0103 0401 0204 0203 0303 0100 0002 0102 0402 0203 0300 0401 0101 0101 0303 0302 0102 0101 0201 0002 0204 0404 0103 0202 0404
28 , 0203 0401 0201 0101 0104 0403 0404 0101 0403 0103 0002 0104 0104 0102 0001 0103 0401 0204 0201 0304 0100 0402 0004 0401 0203 0002 0401 0102 0100 0104 0302 0003 0103 0202 0402 0004 0404 0000 0202 0401 0203 0100 0204 0101 0104 0001 0000 0401 0103 0103 0002 0104 0104 0102 0400 0103 0401 0204 0201 0304 0100 0402 0202 0401 0200 0302 0402 0100 0100 0103 0302 0102 0103 0301 0402 0204 0404 0103 0202 0401
29 , 0203 0400 0204 0101 0104 0401 0004 0001 0103 0103 0202 0104 0304 0102 0101 0103 0401 0204 0201 0304 0104 0402 0202 0401 0303 0302 0400 0102 0104 0003 0302 0102 0300 0201 0402 0004 0004 0104 0201 0402 0203 0101 0204 0301 0101 0401 0404 0201 0103 0303 0202 0104 0003 0102 0101 0103 0401 0200 0201 0304 0003 0402 0202 0400 0203 0302 0402 0102 0101 0103 0302 0102 0101 0003 0402 0204 0404 0103 0202 0401
30 , 0203 0401 0204 0104 0000 0001 0402 0401 0103 0103 0202 0004 0104 0102 0100 0103 0401 0104 0204 0301 0003 0402 0202 0401 0203 0302 0402 0100 0101 0103 0302 0102 0002 0201 0402 0204 0004 0103 0200 0401 0203 0401 0204 0101 0104 0401 0404 0401 0103 0103 0302 0104 0104 0102 0101 0103 0101 0204 0401 0304 0103 0402 0100 0401 0201 0300 0402 0102 0101 0103 0302 0102 0101 0201 0402 0302 0404 0103 0203 0402
31 , 0203 0401 0202 0101 0000 0401 0404 0401 0103 0103 0202 0104 0404 0302 0301 0103 0401 0204 0201 0304 0103 0400 0200 0401 0203 0302 0402 0102 0101 0003 0300 0102 0101 0201 0004 0204 0400 0103 0202 0401 0003 0400 0204 0101 0104 0401 0404 0401 0003 0103 0202 0104 0104 0102 0101 0103 0001 0204 0201 0304 0102 0404 0201 0403 0203 0300 0402 0102 0101 0102 0302 0102 0101 0202 0004 0204 0404 0103 0402 0401
32 , 0200 0401 0204 0101 0104 0401 0404 0400 0103 0103 0202 0104 0104 0102 0101 0100 0401 0204 0201 0304 0103 0402 0202 0401 0303 0302 0002 0102 0104 0003 0302 0300 0301 0201 0402 0204 0404 0100 0004 0402 0203 0401 0202 0401 0104 0401 0404 0401 0103 0103 0202 0104 0104 0100 0101 0103 0400 0204 0201 0304 0103 0402 0200 0401 0203 0302 0402 0102 0101 0103 0300 0102 0104 0201 0402 0304 0404 0103 0002 0301
33 , 0203 0401 0204 0301 0100 0401 0404 0401 0103 0103 0202 0104 0104 0102 0101 0100 0401 0204 0201 0300 0200 0102 0202 0401 0003 0302 0400 0102 0301 0203 0303 0102 0101 0201 0402 0204 0404 0200 0002 0401 0203 0400 0204 0101 0104 0401 0404 0401 0103 0103 0202 0104 0104 0102 0101 0103 0401 0204 0200 0204 0103 0300 0202 0401 0203 0302 0402 0102 0100 0100 0002 0102 0103 0204 0002 0204 0404 0103 0202 0001
34 , 0203 0401 0201 0001 0104 0404 0404 0401 0103 0103 0202 0104 0104 0002 0101 0103 0401 0204 0001 0304 0003 0403 0002 0403 0003 0302 0000 0102 0101 0103 0302 0102 0201 0201 0404 0204 0404 0003 0202 0401 0203 0400 0204 0101 0104 0400 0404 0401 0103 0100 0002 0104 0104 0102 0301 0303 0400 0204 0201 0304 0103 0402 0202 0401 0203 0302 0402 0102 0103 0103 0002 0102 0101 0003 0404 0204 0404 0103 0200 0001
35 , 0203 0401 0204 0000 0104 0401 0404 0401 0404 0103 0404 0104 0104 0102 0101 0203 0401 0204 0201 0303 0100 0402 0204 0401 0203 0302 0102 0102 0101 0103 0302 0102 0301 0200 0402 0204 0404 0103 0200 0401 0303 0401 0204 0101 0104 0401 0404 0401 0003 0103 0202 0104 0004 0102 0100 0100 0401 0004 0201 0304 0103 0102 0200 0401 0203 0300 0402 0102 0100 0003 0302 0102 0104 0201 0002 0204 0404 0103 0202 0401
36 , 0203 0401 0201 0101 0104 0401 0404 0401 0103 0103 0202 0104 0104 0102 0101 0103 0401 0204 0301 0303 0003 0400 0202 0401 0203 0002 0402 0102 0101 0103 0302 0102 0401 0200 0402 0004 0404 0102 0201 0100 0202 0401 0204 0301 0104 0401 0404 0401 0103 0103 0202 0204 0104 0102 0104 0103 0401 0204 0001 0304 0103 0002 0202 0301 0003 0300 0404 0102 0101 0003 0302 0302 0101 0201 0402 0203 0404 0302 0201 0401
37 , 0003 0400 0204 0301 0104 0400 0404 0401 0103 0003 0202 0004 0104 0102 0101 0103 0001 0404 0200 0304 0103 0402 0202 0401 0203 0002 0402 0102 0101 0403 0302 0100 0101 0201 0402 0204 0404 0103 0202 0401 0203 0403 0200 0301 0104 0401 0303 0401 0103 0104 0202 0100 0104 0402 0101 0103 0401 0204 0201 0304 0003 0002 0202 0401 0103 0302 0402 0103 0101 0104 0302 0103 0101 0201 0300 0200 0404 0103 0202 0001
38 , 0003 0001 0204 0101 0004 0401 0004 0400 0103 0103 0200 0104 0104 0102 0101 0103 0404 0004 0201 0304 0103 0400 0202 0401 0303 0302 0400 0102 0301 0403 0302 0102 0101 0200 0402 0204 0404 0203 0202 0401 0202 0401 0200 0101 0104 0403 0402 0101 0103 0103 0202 0104 0004 0102 0001 0103 0401 0204 0201 0302 0103 0302 0202 0401 0203 0302 0402 0102 0101 0103 0302 0102 0101 0101 0400 0204 0404 0003 0202 0300
39 , 0203 0401 0204 0101 0104 0401 0404 0301 0103 0004 0200 0404 0104 0102 0101 0103 0001 0204 0201 0304 0403 0402 0202 0401 0003 0302 0402 0102 0001 0403 0002 0102 0201 0201 0402 0204 0304 0103 0202 0401 0203 0401 0204 0101 0104 0401 0403 0001 0100 0103 0202 0104 0104 0102 0101 0303 0404 0204 0001 0304 0103 0402 0202 0401 0303 0302 0402 0004 0100 0003 0302 0102 0101 0201 0402 0204 0004 0103 0202 0401
40 , 0203 0400 0204 0000 0104 0403 0402 0201 0103 0103 0202 0104 0104 0102 0101 0103 0401 0204 0201 0304 0103 0302 0202 0000 0203 0202 0402 0102 0101 0103 0300 0102 0401 0101 0404 0203 0404 0003 0202 0000 0203 0401 0204 0001 0104 0401 0404 0400 0103 0100 0002 0104 0104 0102 0101 0103 0101 0304 0000 0100 0300 0402 0202 0400 0201 0400 0402 0102 0101 0103 0002 0102 0101 0201 0002 0202 0304 0103 0202 0201
41 , 0203 0400 0204 0101 0104 0401 0400 0401 0103 0103 0202 0104 0100 0101 0101 0103 0401 0204 0000 0304 0303 0402 0202 0401 0203 0302 0402 0104 0201 0103 0302 0103 0000 0201 0402 0202 0404 0103 0202 0001 0200 0401 0204 0101 0204 0400 0404 0401 0103 0103 0200 0104 0104 0002 0101 0104 0001 0204 0201 0304 0103 0402 0202 0401 0200 0302 0400 0102 0101 0103 0300 0102 0101 0201 0402 0204 0404 0103 0201 0101
42 , 0203 0401 0204 0101 0404 0000 0102 0301 0103 0101 0202 0304 0100 0102 0101 0103 0401 0204 0201 0304 0103 0402 0202 0401 0203 0302 0000 0102 0101 0103 0302 0102 0101 0201 0402 0204 0404 0103 0202 0401 0203 0404 0204 0301 0104 0401 0404 0401 0103 0103 0202 0104 0104 0102 0100 0103 0401 0202 0201 0304 0303 0202 0402 0402 0203 0302 0402 0104 0101 0103 0302 0102 0101 0001 0402 0200 0400 0100 0202 0401
43 , 0203 0401 0203 0101 0104 0400 0404 0401 0103 0103 0402 0004 0104 0102 0101 0103 0401 0004 0201 0303 0103 0402 0204 0401 0203 0202 0402 0202 0101 0103 0302 0102 0101 0201 0002 0204 0404 0103 0002 0401 0001 0402 0204 0401 0103 0401 0404 0001 0103 0102 0202 0100 0104 0100 0201 0103 0404 0204 0201 0304 0103 0402 0202 0401 0403 0302 0402 0102 0101 0103 0202 0102 0101 0201 0402 0300 0401 0000 0202 0401
44 , 0003 0401 0204 0101 0104 0201 0004 0401 0103 0103 0202 0400 0104 0102 0103 0100 0401 0100 0201 0304 0103 0302 0201 0101 0003 0300 0402 0100 0101 0104 0302 0102 0101 0201 0400 0204 0400 0103 0202 0401 0204 0401 0204 0101 0101 0401 0400 0401 0403 0103 0202 0100 0002 0302 0101 0103 0401 0200 0200 0304 0103 0002 0202 0001 0203 0302 0402 0102 0101 0003 0302 0102 0101 0001 0402 0000 0404 0100 0202 0401
45 , 0203 0401 0204 0101 0104 0401 0404 0401 0103 0103 0202 0104 0104 0102 0002 0003 0401 0204 0101 0304 0103 0401 0202 0401 0203 0302 0402 0102 0101 0103 0302 0102 0101 0201 0002 0200 0004 0103 0201 0401 0303 0401 0200 0201 0104 0401 0004 0401 0103 0103 0102 0101 0104 0102 0100 0103 0403 0204 0201 0304 0003 0402 0202 0001 0103 0302 0402 0102 0100 0003 0302 0102 0101 0201 0402 0204 0404 0103 0002 0401
46 , 0203 0401 0204 0201 0100 0401 0404 0401 0103 0103 0202 0100 0104 0102 0101 0103 0001 0204 0001 0300 0101 0402 0302 0001 0203 0302 0402 0102 0100 0103 0302 0102 0101 0201 0202 0104 0404 0103 0302 0401 0203 0401 0304 0401 0104 0401 0404 0401 0104 0103 0202 0104 0104 0102 0101 0103 0401 0200 0001 0304 0003 0102 0202 0401 0202 0302 0402 0000 0101 0100 0302 0102 0102 0201 0400 0204 0404 0103 0202 0400
47 , 0003 0402 0204 0101 0104 0401 0404 0401 0003 0303 0200 0100 0104 0102 0100 0103 0101 0204 0402 0302 0103 0402 0204 0401 0201 0302 0402 0102 0101 0100 0300 0102 0101 0201 0402 0202 0404 0103 0202 0402 0204 0401 0204 0101 0004 0401 0404 0403 0103 0103 0202 0002 0104 0102 0101 0103 0401 0004 0201 0304 0104 0402 0200 0001 0201 0302 0402 0102 0401 0203 0002 0100 0102 0201 0402 0204 0404 0103 0200 0100
48 , 0003 0001 0200 0101 0104 0401 0004 0401 0103 0003 0202 0104 0104 0102 0100 0103 0001 0204 0201 0304 0104 0402 0202 0401 0201 0302 0302 0102 0101 0203 0302 0002 0102 0201 0402 0204 0400 0400 0002 0101 0203 0403 0204 0301 0104 0401 0404 0401 0103 0103 0302 0104 0102 0102 0101 0103 0401 0304 0001 0304 0103 0002 0402 0401 0203 0302 0402 0102 0101 0103 0302 0002 0001 0201 0002 0004 0403 0103 0202 0301
49 , 0203 0002 0204 0101 0104 0001 0404 0401 0103 0103 0202 0104 0100 0102 0101 0103 0101 0204 0301 0304 0103 0002 0202 0301 0203 0402 0402 0101 0101 0100 0302 0102 0101 0201 0400 0200 0104 0103 0200 0401 0203 0401 0200 0301 0104 0404 0404 0401 0100 0103 0202 0102 0100 0102 0104 0103 0401 0204 0201 0304 0103 0402 0202 0401 0203 0302 0402 0102 0101 0403 0002 0102 0101 0201 0402 0204 0404 0100 0202 0401
50 , 0203 0401 0204 0101 0100 0401 0400 0401 0103 0103 0202 0104 0104 0304 0100 0103 0401 0204 0301 0304 0103 0202 0103 0401 0003 0302 0402 0102 0101 0103 0302 0102 0101 0201 0400 0204 0004 0103 0302 0401 0203 0401 0204 0101 0104 0401 0402 0401 0103 0100 0202 0004 0102 0004 0101 0403 0400 0204 0301 0304 0103 0202 0202 0401 0203 0302 0402 0102 0100 0103 0302 0102 0101 0201 0202 0204 0004 0103 0202 0001