Generated genotype output
1
2
3
4
5
6
7
8
9
10
11
12
13
14
15
16
17
18
19
20
21
22
23
24
25
26
27
28
29
30
31
32
33
34
35
36
37
38
39
40
Pop
1 , 0102 0100 0301 0102 0201 0401 0401 0102 0004 0101 0404 0402 0104 0403 0302 0303 0402 0201 0100 0100 0102 0100 0300 0100 0204 0403 0400 0103 0104 0001 0404 0002 0104 0403 0402 0303 0402 0202 0104 0103
2 , 0002 0102 0301 0102 0201 0401 0400 0102 0102 0101 0404 0002 0104 0403 0302 0303 0402 0004 0104 0103 0102 0102 0301 0002 0200 0401 0401 0102 0104 0101 0404 0400 0104 0403 0402 0303 0402 0204 0102 0103
3 , 0104 0102 0301 0101 0201 0401 0401 0102 0104 0301 0400 0402 0104 0403 0302 0103 0402 0202 0100 0103 0102 0102 0000 0102 0202 0401 0400 0102 0404 0100 0404 0004 0104 0403 0302 0303 0402 0200 0104 0103
4 , 0102 0104 0302 0102 0201 0400 0400 0102 0100 0101 0404 0402 0104 0403 0302 0303 0402 0204 0000 0103 0102 0102 0301 0100 0200 0201 0400 0102 0104 0101 0404 0400 0100 0404 0302 0001 0202 0204 0104 0103
5 , 0004 0102 0401 0102 0203 0101 0401 0102 0104 0101 0402 0002 0104 0403 0202 0303 0402 0204 0004 0103 0100 0102 0301 0102 0201 0401 0401 0102 0104 0101 0104 0400 0101 0400 0300 0300 0400 0204 0100 0003
6 , 0402 0101 0301 0102 0001 0401 0400 0102 0104 0101 0404 0402 0404 0403 0302 0303 0402 0204 0104 0103 0002 0103 0301 0102 0201 0404 0401 0102 0104 0001 0404 0002 0104 0403 0302 0303 0402 0304 0104 0103
7 , 0102 0102 0301 0102 0204 0401 0001 0002 0104 0100 0404 0400 0104 0401 0302 0003 0302 0200 0304 0103 0102 0000 0301 0102 0201 0401 0401 0002 0104 0400 0200 0402 0104 0401 0302 0304 0003 0204 0104 0103
8 , 0103 0402 0301 0102 0101 0301 0401 0102 0004 0000 0404 0401 0104 0403 0304 0303 0402 0204 0104 0103 0103 0100 0301 0104 0201 0401 0401 0102 0104 0101 0404 0402 0104 0403 0302 0303 0000 0204 0004 0103
9 , 0102 0102 0301 0102 0201 0401 0001 0102 0304 0102 0404 0002 0104 0403 0302 0303 0400 0204 0104 0103 0103 0102 0301 0102 0201 0404 0400 0102 0104 0101 0404 0401 0104 0403 0302 0003 0402 0200 0400 0303
10 , 0103 0102 0301 0102 0201 0401 0401 0102 0104 0301 0404 0402 0002 0403 0301 0303 0402 0200 0104 0103 0002 0102 0201 0102 0201 0401 0401 0302 0004 0101 0400 0402 0104 0403 0302 0302 0400 0204 0102 0403
11 , 0002 0102 0301 0102 0201 0401 0401 0102 0104 0101 0404 0402 0104 0403 0102 0002 0302 0204 0104 0103 0102 0102 0301 0102 0001 0001 0401 0302 0003 0101 0404 0402 0104 0403 0302 0303 0402 0001 0100 0103
12 , 0102 0103 0301 0100 0203 0401 0400 0102 0104 0101 0404 0402 0104 0403 0302 0303 0402 0200 0104 0003 0102 0102 0301 0102 0201 0401 0401 0102 0104 0101 0402 0402 0104 0402 0302 0003 0402 0204 0104 0103
13 , 0102 0102 0301 0102 0201 0401 0400 0100 0404 0100 0404 0102 0101 0400 0302 0303 0001 0204 0104 0103 0102 0102 0303 0102 0201 0101 0400 0102 0104 0101 0004 0402 0104 0403 0302 0300 0002 0204 0104 0103
14 , 0100 0100 0301 0102 0201 0301 0401 0102 0104 0101 0404 0102 0104 0203 0302 0303 0404 0200 0104 0103 0102 0102 0301 0103 0001 0401 0101 0402 0104 0100 0404 0402 0100 0403 0302 0303 0202 0003 0104 0403
15 , 0102 0102 0001 0102 0201 0403 0401 0404 0004 0101 0404 0402 0104 0403 0300 0303 0402 0004 0104 0001 0102 0003 0301 0102 0201 0004 0204 0102 0104 0101 0404 0002 0100 0400 0300 0303 0402 0204 0104 0100
16 , 0102 0102 0301 0004 0201 0401 0000 0102 0104 0001 0404 0402 0104 0403 0302 0303 0402 0004 0104 0003 0402 0102 0301 0102 0200 0301 0401 0102 0100 0101 0400 0402 0102 0403 0302 0003 0402 0204 0104 0103
17 , 0100 0102 0301 0102 0001 0401 0401 0102 0104 0100 0404 0402 0104 0403 0302 0303 0402 0104 0104 0103 0102 0202 0001 0402 0001 0401 0000 0100 0104 0101 0004 0302 0101 0303 0302 0303 0400 0204 0104 0103
18 , 0102 0102 0101 0102 0201 0401 0401 0102 0104 0101 0304 0000 0104 0403 0301 0303 0402 0204 0104 0103 0403 0102 0301 0102 0201 0401 0401 0101 0104 0101 0404 0402 0104 0403 0302 0303 0402 0204 0104 0203
19 , 0100 0102 0301 0102 0201 0401 0400 0100 0104 0101 0404 0400 0104 0303 0302 0303 0402 0204 0104 0103 0002 0102 0301 0002 0201 0401 0401 0102 0100 0101 0404 0302 0104 0403 0302 0300 0402 0204 0104 0100
20 , 0100 0102 0301 0102 0201 0101 0402 0300 0104 0101 0404 0402 0104 0403 0302 0303 0403 0000 0100 0103 0102 0102 0301 0102 0101 0402 0401 0202 0204 0101 0404 0002 0004 0003 0302 0303 0402 0004 0104 0103
21 , 0002 0102 0301 0002 0201 0401 0401 0102 0104 0100 0400 0402 0104 0403 0302 0303 0302 0204 0104 0103 0002 0102 0301 0102 0201 0400 0401 0200 0104 0101 0404 0400 0104 0004 0302 0003 0302 0204 0104 0203
22 , 0102 0100 0301 0102 0000 0400 0401 0102 0104 0100 0404 0402 0104 0403 0102 0303 0302 0204 0104 0103 0102 0102 0300 0102 0201 0201 0001 0002 0100 0102 0404 0402 0100 0403 0302 0303 0002 0200 0101 0003
23 , 0100 0002 0301 0102 0201 0001 0401 0102 0204 0101 0404 0402 0104 0403 0302 0303 0402 0204 0104 0103 0102 0302 0101 0102 0201 0401 0401 0104 0104 0101 0004 0402 0100 0403 0301 0003 0402 0004 0104 0103
24 , 0102 0102 0301 0102 0201 0401 0401 0102 0004 0101 0104 0402 0104 0403 0300 0303 0402 0203 0104 0103 0200 0102 0301 0102 0201 0401 0401 0102 0104 0101 0404 0401 0101 0403 0302 0303 0400 0204 0104 0100
25 , 0102 0102 0301 0000 0001 0001 0401 0102 0404 0100 0004 0000 0104 0003 0302 0103 0402 0200 0100 0100 0102 0100 0301 0102 0201 0401 0403 0102 0104 0101 0404 0400 0100 0403 0300 0303 0402 0204 0100 0003
26 , 0102 0102 0301 0102 0301 0401 0400 0102 0104 0101 0404 0402 0104 0203 0300 0003 0402 0204 0100 0203 0102 0102 0302 0102 0200 0401 0401 0002 0104 0301 0404 0002 0002 0403 0301 0003 0002 0204 0104 0103
27 , 0100 0102 0303 0102 0201 0301 0401 0102 0104 0101 0404 0303 0104 0400 0302 0303 0302 0104 0104 0100 0102 0102 0301 0102 0402 0401 0401 0103 0104 0101 0404 0404 0104 0403 0300 0203 0402 0404 0104 0103
28 , 0102 0002 0101 0102 0201 0400 0400 0102 0104 0101 0404 0000 0104 0203 0302 0301 0402 0204 0103 0003 0103 0102 0301 0004 0201 0401 0401 0102 0104 0000 0404 0402 0104 0403 0302 0303 0402 0204 0104 0103
29 , 0102 0102 0301 0102 0201 0402 0401 0002 0104 0101 0404 0402 0100 0400 0302 0103 0402 0204 0104 0103 0301 0102 0301 0102 0203 0401 0401 0302 0104 0101 0404 0402 0104 0403 0302 0303 0402 0204 0104 0103
30 , 0002 0104 0101 0102 0201 0401 0201 0102 0001 0101 0404 0402 0100 0002 0302 0303 0400 0204 0104 0103 0002 0102 0301 0102 0201 0001 0001 0102 0104 0101 0401 0400 0104 0000 0302 0303 0401 0204 0104 0203
31 , 0102 0102 0000 0100 0200 0401 0401 0103 0104 0101 0404 0002 0104 0401 0302 0301 0102 0204 0304 0103 0102 0102 0301 0102 0201 0401 0401 0102 0104 0101 0404 0402 0104 0403 0302 0303 0402 0304 0104 0103
32 , 0102 0102 0301 0102 0201 0404 0401 0102 0104 0102 0404 0402 0104 0400 0302 0303 0402 0304 0100 0103 0102 0102 0301 0102 0200 0401 0404 0102 0104 0103 0404 0402 0104 0403 0302 0303 0402 0204 0104 0103
33 , 0102 0100 0301 0102 0201 0402 0401 0102 0104 0101 0104 0402 0004 0403 0002 0303 0402 0203 0104 0103 0102 0002 0301 0100 0201 0402 0401 0002 0104 0101 0400 0402 0404 0403 0002 0303 0402 0204 0100 0103
34 , 0102 0102 0302 0102 0201 0401 0401 0102 0104 0101 0404 0102 0104 0404 0302 0303 0202 0204 0104 0103 0102 0102 0301 0102 0201 0401 0401 0102 0104 0101 0404 0401 0104 0403 0300 0303 0400 0200 0104 0103
35 , 0102 0102 0301 0102 0201 0400 0401 0302 0104 0001 0004 0402 0104 0401 0302 0300 0402 0204 0104 0303 0402 0402 0301 0104 0201 0001 0401 0102 0104 0101 0404 0402 0104 0003 0302 0303 0402 0204 0100 0100
36 , 0102 0102 0300 0102 0204 0001 0401 0102 0003 0101 0404 0400 0004 0403 0102 0303 0302 0204 0104 0000 0002 0102 0301 0102 0201 0401 0402 0102 0104 0101 0404 0402 0104 0003 0304 0303 0402 0204 0104 0103
37 , 0102 0102 0301 0102 0201 0401 0401 0102 0404 0101 0400 0202 0104 0403 0302 0303 0401 0004 0104 0002 0102 0102 0301 0102 0401 0400 0400 0100 0104 0101 0404 0302 0104 0400 0301 0103 0400 0204 0104 0103
38 , 0102 0102 0301 0002 0201 0400 0001 0102 0104 0101 0401 0402 0004 0403 0302 0303 0300 0204 0004 0103 0102 0102 0301 0102 0201 0401 0401 0102 0104 0301 0404 0402 0104 0403 0401 0303 0402 0204 0104 0103
39 , 0100 0102 0000 0102 0201 0401 0400 0102 0104 0102 0402 0402 0104 0403 0300 0003 0402 0204 0104 0103 0102 0102 0301 0102 0300 0400 0401 0102 0004 0101 0404 0202 0204 0403 0301 0303 0402 0204 0004 0203
40 , 0102 0100 0400 0102 0200 0401 0402 0102 0104 0101 0404 0402 0004 0403 0302 0303 0400 0204 0104 0103 0102 0102 0301 0102 0201 0401 0400 0302 0104 0101 0404 0402 0104 0403 0302 0303 0403 0104 0104 0103
41 , 0102 0102 0300 0102 0201 0401 0401 0104 0104 0101 0404 0401 0100 0403 0302 0303 0401 0204 0004 0103 0102 0102 0301 0102 0201 0401 0301 0102 0104 0100 0404 0400 0104 0403 0002 0303 0102 0204 0104 0303
42 , 0102 0102 0301 0102 0401 0401 0401 0102 0104 0101 0404 0402 0104 0403 0302 0303 0102 0204 0104 0103 0102 0202 0301 0202 0201 0401 0400 0102 0104 0101 0404 0002 0004 0403 0302 0303 0402 0204 0104 0101
43 , 0102 0102 0301 0102 0001 0001 0400 0102 0104 0101 0404 0402 0304 0400 0102 0303 0302 0204 0104 0103 0102 0102 0301 0102 0202 0401 0001 0102 0104 0103 0404 0002 0104 0003 0300 0003 0402 0204 0104 0103
44 , 0102 0102 0301 0400 0201 0401 0401 0104 0104 0101 0404 0402 0104 0403 0302 0303 0402 0204 0104 0103 0102 0002 0301 0102 0200 0401 0401 0103 0100 0101 0400 0402 0104 0403 0302 0303 0400 0102 0204 0103
45 , 0102 0102 0301 0002 0201 0401 0401 0002 0404 0101 0404 0402 0104 0403 0002 0303 0102 0204 0103 0303 0102 0102 0301 0104 0201 0001 0401 0102 0104 0101 0404 0402 0104 0403 0302 0303 0402 0204 0004 0403
46 , 0002 0100 0300 0101 0201 0402 0201 0102 0100 0101 0401 0302 0104 0403 0302 0303 0402 0304 0104 0103 0102 0102 0301 0102 0201 0403 0401 0404 0104 0101 0404 0002 0104 0303 0302 0303 0402 0204 0104 0103
47 , 0102 0102 0301 0102 0201 0001 0401 0102 0104 0101 0404 0402 0003 0403 0302 0303 0402 0004 0104 0103 0402 0002 0301 0100 0001 0401 0401 0102 0104 0100 0404 0402 0104 0403 0302 0303 0002 0204 0104 0103
48 , 0002 0002 0301 0102 0201 0401 0401 0002 0104 0101 0404 0402 0104 0403 0302 0003 0402 0204 0104 0103 0102 0102 0301 0102 0201 0401 0401 0302 0300 0101 0404 0402 0104 0403 0302 0303 0402 0104 0104 0103
49 , 0102 0000 0301 0102 0201 0401 0400 0102 0104 0100 0404 0402 0104 0403 0303 0303 0102 0204 0103 0304 0402 0100 0301 0204 0200 0401 0401 0102 0004 0100 0404 0403 0204 0403 0402 0403 0200 0204 0104 0103
50 , 0100 0102 0301 0100 0201 0401 0401 0102 0104 0401 0404 0402 0104 0400 0302 0303 0402 0204 0104 0100 0202 0100 0301 0100 0201 0401 0301 0102 0100 0101 0404 0400 0104 0404 0300 0303 0102 0204 0100 0003
51 , 0103 0100 0301 0102 0201 0400 0403 0102 0104 0101 0401 0401 0104 0403 0302 0303 0402 0204 0004 0101 0102 0102 0300 0102 0201 0201 0001 0102 0404 0101 0404 0402 0104 0403 0302 0303 0402 0204 0104 0103
52 , 0100 0102 0301 0102 0201 0300 0001 0102 0104 0101 0404 0402 0004 0403 0302 0003 0402 0204 0104 0101 0100 0002 0301 0102 0200 0404 0401 0102 0004 0101 0404 0402 0104 0403 0302 0303 0300 0204 0104 0003
53 , 0102 0001 0301 0100 0201 0401 0401 0102 0004 0100 0404 0202 0104 0403 0302 0303 0402 0204 0103 0103 0102 0102 0001 0102 0201 0401 0402 0100 0104 0300 0004 0400 0104 0403 0301 0303 0402 0004 0104 0103
54 , 0102 0102 0301 0102 0301 0401 0401 0002 0104 0100 0402 0002 0104 0403 0302 0303 0002 0200 0004 0103 0102 0102 0301 0102 0203 0301 0401 0402 0102 0001 0404 0402 0100 0103 0302 0300 0402 0304 0104 0103
55 , 0002 0102 0301 0101 0201 0401 0401 0402 0004 0301 0404 0402 0104 0403 0302 0303 0402 0202 0202 0103 0102 0102 0301 0102 0401 0401 0401 0102 0104 0101 0404 0402 0004 0403 0302 0203 0100 0201 0103 0303
56 , 0102 0102 0301 0102 0201 0401 0401 0102 0004 0101 0402 0402 0104 0403 0302 0303 0402 0204 0404 0103 0102 0102 0301 0102 0001 0301 0001 0102 0104 0101 0400 0400 0104 0403 0302 0303 0402 0104 0104 0100
57 , 0102 0102 0301 0102 0301 0401 0401 0102 0004 0101 0404 0402 0304 0003 0303 0302 0402 0204 0004 0103 0102 0102 0304 0100 0201 0401 0001 0102 0104 0101 0400 0402 0104 0403 0302 0303 0201 0204 0104 0103
58 , 0102 0100 0301 0102 0200 0401 0401 0102 0104 0101 0204 0402 0104 0400 0302 0303 0403 0300 0404 0100 0102 0202 0001 0002 0201 0403 0001 0102 0004 0101 0404 0000 0103 0404 0002 0303 0402 0104 0304 0304
59 , 0102 0102 0301 0102 0201 0201 0401 0102 0404 0101 0404 0402 0104 0403 0302 0303 0402 0204 0004 0103 0102 0002 0300 0102 0201 0401 0403 0100 0104 0101 0404 0402 0104 0403 0300 0103 0402 0204 0104 0103
60 , 0102 0103 0301 0102 0201 0401 0400 0104 0104 0103 0104 0402 0104 0403 0302 0303 0402 0204 0104 0103 0202 0102 0001 0102 0201 0201 0401 0102 0100 0100 0404 0401 0101 0403 0302 0303 0402 0204 0104 0103
61 , 0402 0002 0301 0102 0201 0401 0401 0102 0004 0101 0204 0402 0204 0403 0302 0303 0402 0404 0103 0103 0102 0102 0301 0102 0201 0402 0401 0102 0104 0101 0404 0402 0104 0403 0302 0303 0402 0200 0104 0103
62 , 0102 0101 0301 0102 0201 0401 0401 0102 0104 0101 0404 0402 0104 0403 0302 0300 0402 0204 0104 0100 0102 0102 0301 0100 0201 0401 0004 0102 0404 0201 0404 0401 0104 0400 0302 0303 0402 0204 0204 0103
63 , 0102 0102 0301 0102 0001 0402 0401 0102 0004 0101 0404 0402 0104 0400 0300 0303 0402 0204 0004 0102 0202 0102 0300 0102 0001 0401 0401 0102 0404 0102 0404 0402 0104 0003 0302 0103 0402 0204 0104 0103
64 , 0402 0102 0301 0102 0200 0401 0401 0101 0104 0001 0404 0402 0100 0403 0302 0303 0402 0204 0004 0103 0302 0102 0301 0102 0200 0401 0402 0102 0104 0101 0404 0402 0104 0403 0302 0303 0402 0204 0104 0103
65 , 0102 0102 0202 0102 0201 0401 0400 0102 0104 0101 0404 0402 0104 0403 0302 0300 0204 0204 0100 0103 0103 0002 0301 0104 0201 0401 0401 0100 0104 0001 0404 0402 0104 0403 0302 0003 0402 0204 0104 0103
66 , 0102 0102 0304 0102 0101 0401 0001 0100 0104 0101 0404 0402 0104 0403 0402 0301 0402 0004 0004 0103 0102 0102 0301 0004 0201 0401 0401 0102 0104 0101 0402 0002 0102 0403 0302 0303 0202 0404 0104 0103
67 , 0003 0102 0301 0102 0201 0400 0001 0102 0104 0101 0301 0401 0004 0402 0302 0303 0403 0204 0100 0101 0102 0102 0301 0102 0201 0401 0400 0002 0404 0001 0400 0002 0104 0403 0302 0300 0002 0204 0104 0103
68 , 0402 0102 0201 0002 0001 0401 0201 0102 0104 0101 0204 0402 0104 0403 0302 0300 0001 0204 0304 0003 0102 0103 0301 0102 0201 0401 0403 0102 0104 0101 0104 0402 0104 0003 0002 0303 0402 0204 0204 0100
69 , 0102 0102 0301 0102 0202 0400 0401 0102 0104 0101 0404 0402 0102 0403 0302 0303 0002 0204 0404 0102 0402 0102 0301 0102 0201 0401 0401 0102 0104 0101 0000 0402 0104 0403 0302 0003 0402 0204 0104 0103
70 , 0102 0100 0301 0102 0201 0401 0402 0100 0104 0001 0404 0402 0404 0403 0302 0303 0002 0202 0104 0100 0102 0102 0301 0302 0201 0401 0401 0102 0104 0002 0404 0402 0104 0403 0303 0303 0402 0200 0104 0103
71 , 0202 0102 0301 0202 0201 0401 0401 0102 0104 0101 0404 0401 0101 0403 0302 0303 0402 0204 0100 0100 0102 0102 0101 0102 0201 0401 0401 0102 0104 0001 0404 0402 0404 0403 0302 0303 0402 0204 0103 0103
72 , 0102 0102 0001 0102 0201 0401 0401 0100 0104 0101 0404 0402 0004 0003 0302 0303 0302 0204 0104 0103 0100 0002 0301 0102 0200 0400 0401 0402 0104 0101 0404 0402 0104 0003 0302 0303 0402 0204 0103 0103
73 , 0102 0102 0300 0103 0200 0400 0401 0402 0104 0101 0404 0402 0104 0003 0302 0003 0402 0200 0104 0403 0102 0103 0301 0102 0201 0101 0402 0302 0004 0101 0404 0402 0000 0403 0302 0300 0400 0004 0104 0103
74 , 0102 0102 0300 0202 0201 0401 0401 0102 0304 0101 0404 0203 0204 0403 0400 0303 0402 0204 0104 0103 0102 0102 0301 0102 0401 0401 0401 0102 0104 0101 0404 0200 0104 0403 0302 0303 0402 0200 0104 0103
75 , 0102 0102 0301 0102 0302 0401 0401 0103 0002 0101 0404 0404 0104 0403 0004 0003 0402 0404 0100 0103 0102 0102 0301 0102 0001 0401 0101 0104 0002 0401 0404 0402 0100 0403 0302 0303 0202 0200 0104 0103
76 , 0102 0002 0301 0002 0200 0401 0401 0102 0100 0101 0404 0402 0103 0404 0102 0303 0402 0104 0304 0104 0102 0102 0301 0102 0201 0401 0401 0100 0104 0101 0104 0402 0100 0303 0302 0303 0000 0204 0104 0103
77 , 0102 0104 0301 0104 0200 0401 0401 0202 0104 0101 0404 0402 0104 0203 0302 0000 0402 0204 0104 0103 0102 0102 0300 0100 0401 0400 0001 0102 0004 0101 0404 0402 0104 0403 0302 0301 0402 0204 0104 0103
78 , 0002 0102 0300 0104 0201 0401 0401 0100 0104 0101 0404 0402 0004 0401 0302 0303 0402 0204 0004 0100 0002 0302 0301 0102 0201 0401 0401 0100 0104 0101 0404 0400 0104 0003 0301 0303 0402 0204 0104 0003
79 , 0402 0102 0300 0002 0201 0001 0401 0102 0104 0101 0404 0402 0000 0403 0302 0303 0402 0304 0100 0003 0102 0102 0401 0102 0201 0400 0401 0102 0404 0101 0404 0000 0104 0403 0304 0303 0402 0304 0102 0102
80 , 0102 0102 0301 0100 0201 0401 0401 0102 0101 0101 0402 0002 0104 0403 0002 0303 0402 0004 0104 0103 0102 0002 0301 0102 0201 0401 0401 0302 0304 0101 0400 0402 0004 0403 0302 0303 0402 0104 0104 0003
81 , 0102 0102 0300 0102 0200 0401 0400 0002 0004 0101 0402 0402 0104 0403 0302 0303 0402 0204 0100 0103 0102 0102 0303 0102 0001 0401 0401 0102 0104 0101 0402 0202 0104 0404 0302 0303 0400 0200 0104 0103
82 , 0002 0104 0001 0100 0203 0401 0401 0302 0104 0101 0404 0404 0104 0403 0300 0303 0402 0200 0404 0103 0102 0102 0301 0102 0001 0401 0400 0000 0104 0101 0404 0403 0104 0403 0304 0303 0402 0204 0104 0103
83 , 0101 0102 0301 0102 0201 0401 0401 0100 0400 0101 0402 0202 0104 0403 0302 0303 0402 0204 0004 0303 0102 0002 0101 0102 0001 0401 0401 0102 0100 0001 0404 0402 0004 0003 0300 0303 0402 0004 0103 0103
84 , 0100 0102 0300 0100 0200 0401 0401 0102 0104 0103 0404 0402 0104 0403 0302 0303 0402 0200 0104 0103 0102 0002 0301 0102 0201 0401 0001 0100 0304 0101 0400 0402 0104 0403 0302 0003 0402 0204 0104 0103
85 , 0100 0104 0303 0102 0401 0401 0401 0102 0100 0101 0304 0402 0400 0403 0302 0303 0402 0202 0100 0001 0102 0101 0301 0002 0201 0401 0401 0102 0104 0101 0404 0404 0104 0403 0202 0303 0402 0204 0104 0203
86 , 0102 0102 0301 0102 0201 0300 0401 0102 0104 0201 0404 0402 0104 0403 0302 0303 0402 0200 0104 0103 0102 0102 0301 0102 0001 0001 0200 0102 0104 0101 0400 0402 0104 0400 0302 0303 0002 0204 0100 0103
87 , 0102 0102 0301 0102 0001 0001 0001 0102 0104 0001 0404 0402 0104 0403 0300 0303 0400 0204 0104 0103 0302 0102 0301 0100 0201 0001 0401 0102 0104 0401 0404 0402 0104 0403 0302 0303 0401 0204 0104 0203
88 , 0101 0202 0301 0102 0201 0201 0101 0002 0104 0101 0404 0402 0104 0403 0300 0303 0402 0204 0104 0103 0102 0103 0201 0002 0001 0401 0401 0102 0104 0101 0104 0402 0104 0403 0302 0303 0400 0204 0404 0103
89 , 0002 0102 0001 0103 0201 0401 0403 0102 0004 0101 0404 0402 0104 0403 0302 0103 0400 0204 0004 0103 0102 0102 0301 0102 0200 0401 0401 0102 0104 0101 0401 0402 0104 0403 0002 0303 0402 0204 0104 0100
90 , 0002 0102 0301 0302 0202 0001 0001 0102 0104 0101 0404 0302 0104 0403 0301 0103 0401 0204 0104 0102 0102 0402 0304 0102 0201 0000 0401 0102 0104 0101 0400 0402 0104 0003 0102 0303 0402 0204 0104 0100
91 , 0102 0102 0301 0302 0201 0401 0401 0102 0104 0101 0404 0402 0104 0403 0302 0303 0402 0204 0104 0103 0102 0102 0301 0102 0201 0404 0401 0100 0100 0101 0400 0402 0104 0403 0302 0303 0002 0200 0001 0103
92 , 0102 0102 0301 0102 0201 0401 0401 0100 0100 0101 0404 0402 0104 0302 0302 0300 0302 0200 0104 0103 0102 0102 0301 0102 0201 0401 0401 0102 0104 0101 0404 0402 0304 0403 0004 0003 0400 0004 0103 0103
93 , 0102 0102 0302 0002 0201 0401 0404 0002 0104 0001 0400 0002 0104 0403 0302 0303 0402 0204 0104 0003 0102 0103 0001 0102 0201 0401 0401 0402 0104 0101 0404 0402 0100 0403 0302 0303 0402 0204 0104 0102
94 , 0102 0101 0301 0102 0201 0401 0001 0102 0100 0101 0300 0402 0104 0403 0002 0003 0002 0204 0102 0103 0102 0102 0301 0104 0201 0001 0401 0103 0104 0101 0404 0202 0104 0403 0302 0303 0402 0204 0104 0103
95 , 0302 0000 0304 0102 0201 0401 0401 0102 0104 0101 0400 0402 0100 0403 0102 0303 0402 0204 0104 0100 0100 0104 0301 0102 0201 0401 0401 0102 0104 0104 0401 0400 0104 0403 0002 0002 0402 0204 0100 0103
96 , 0102 0102 0301 0101 0203 0401 0101 0102 0101 0101 0104 0402 0104 0403 0302 0303 0002 0204 0104 0103 0102 0102 0301 0202 0201 0001 0401 0102 0004 0101 0404 0403 0404 0103 0402 0403 0402 0204 0403 0103
97 , 0102 0102 0300 0102 0001 0401 0400 0102 0104 0101 0404 0402 0104 0403 0302 0203 0402 0204 0103 0104 0102 0102 0001 0102 0201 0401 0401 0100 0104 0101 0404 0402 0004 0003 0302 0303 0402 0204 0104 0103
98 , 0202 0102 0301 0102 0201 0401 0401 0102 0304 0101 0304 0402 0104 0403 0302 0303 0400 0204 0100 0103 0102 0100 0301 0302 0201 0201 0401 0102 0104 0101 0404 0102 0100 0203 0302 0303 0102 0104 0103 0103
99 , 0102 0002 0301 0102 0003 0401 0401 0102 0104 0101 0404 0402 0104 0403 0302 0303 0400 0204 0104 0003 0202 0102 0301 0102 0201 0101 0401 0102 0100 0101 0404 0402 0104 0403 0302 0300 0402 0304 0104 0100
100 , 0102 0102 0301 0102 0201 0400 0401 0102 0304 0101 0004 0402 0104 0003 0302 0303 0402 0000 0104 0003 0100 0102 0301 0000 0201 0400 0302 0302 0104 0101 0404 0402 0104 0403 0300 0303 0403 0004 0204 0103