Ne,Gametic_equilibrium,new,Mlocus_homozegosity_mean,Mlocus_homozegosity_variance,Fix_index,Emean_exhyt
70,0.0034189579517015824,54.40613633384139,356.41,112.22414141414141,-0.005893038481460734,0.28591393939393933
146,0.00299018141413845,33.03519688910683,350.65,112.27020202020203,0.000919108894083492,0.2995666666666667
124,0.003162734533722476,27.673301499812666,350.31,128.9029292929293,-0.0006854934312217829,0.29943535353535355
74,0.0033973871666442756,34.83701271687495,347.05,122.39141414141415,-0.01736923790430212,0.3000911111111111
118,0.0031337919729973168,30.58593840004126,347.99,142.49484848484846,0.005954407013691865,0.30381939393939394
52,0.004007879858389246,39.766856572236904,347.63,92.29606060606058,-0.01460318039667121,0.30113151515151515
54,0.003734828249667124,44.13472598285918,353.62,133.5309090909091,0.0009884243887945106,0.29288787878787875
80,0.003415505965293507,36.39945328194014,347.1,99.38383838383837,-0.004385609436390649,0.30528868686868693
134,0.0030652010753293613,23.389797047768642,348.65,89.82575757575758,-0.0022782070798880623,0.3027183838383839
68,0.003779481175750849,45.89252133648765,355.26,145.58828282828281,-0.0011719608661585014,0.28912868686868687
112,0.0031137381260394697,27.58561200188461,349.45,117.72474747474747,-0.00418124361288257,0.3001064646464647
132,0.0030641372224608702,23.438132035100452,341.38,95.24808080808079,-0.002126452780687129,0.3169444444444445
52,0.004007879858389246,39.766856572236904,347.63,92.29606060606058,-0.01460318039667121,0.30113151515151515
126,0.0031070033684093236,27.877531144365797,344.56,129.380202020202,-0.00029904171090992815,0.3108305050505051
94,0.003271081239107208,43.080103023962835,353.22,133.40565656565656,0.005529205327759209,0.2954391919191919
76,0.0035668667874161077,43.61115852437412,349.79,125.44030303030303,-0.003208977343289583,0.2989052525252525
68,0.003779481175750849,45.89252133648765,355.26,145.58828282828281,-0.0011719608661585014,0.28912868686868687
108,0.003137447118425018,34.46140728495681,351.8,106.62626262626259,-0.0009439083528939332,0.29567535353535357
126,0.0031070033684093236,27.877531144365797,344.56,129.380202020202,-0.00029904171090992815,0.3108305050505051
78,0.0035201399528603868,50.61676518345898,354.65,96.73484848484848,0.0004169019901742532,0.2913545454545455
108,0.003137447118425018,34.46140728495681,351.8,106.62626262626259,-0.0009439083528939332,0.29567535353535357
102,0.003204985399631707,22.58428761372802,340.89,127.65444444444444,0.002799267551292654,0.3189921212121212
130,0.0030682524065905343,27.013582232791773,346.27,76.13848484848486,-0.007970337715929456,0.3045666666666667
52,0.004007879858389246,39.766856572236904,347.63,92.29606060606058,-0.01460318039667121,0.30113151515151515
84,0.0033458323443961617,35.79553466343382,351.08,148.86222222222221,-0.004674354214807865,0.29713737373737376
60,0.00359877086241885,47.985418030098764,349.02,127.21171717171718,-0.010013848417398795,0.29956424242424246
118,0.0030409777402357918,37.37671223372918,353.78,92.29454545454543,-0.004326939804024973,0.29117191919191926
142,0.0029921492906037463,25.553160643395557,344.99,127.54535353535353,-0.002496505325368821,0.3093036363636364
114,0.0032072521800386297,34.50906962746543,345.69,122.4180808080808,-0.00249978850702934,0.3066937373737374
146,0.00299018141413845,33.03519688910683,350.65,112.27020202020203,0.000919108894083492,0.2995666666666667
84,0.0033458323443961617,35.79553466343382,351.08,148.86222222222221,-0.004674354214807865,0.29713737373737376
104,0.0032197404398209453,25.430292630799595,346.02,108.38343434343433,-0.00347610600805836,0.30697959595959595
90,0.0032451824740647207,37.73585961915288,351.65,74.63383838383838,-0.005089756224348421,0.2954240404040404
90,0.0032451824740647207,37.73585961915288,351.65,74.63383838383838,-0.005089756224348421,0.2954240404040404
94,0.003271081239107208,43.080103023962835,353.22,133.40565656565656,0.005529205327759209,0.2954391919191919
114,0.0032072521800386297,34.50906962746543,345.69,122.4180808080808,-0.00249978850702934,0.3066937373737374
116,0.003108107652147515,40.84425981500738,349.77,106.259696969697,-0.005966642622079467,0.2979921212121212
118,0.0030409777402357918,37.37671223372918,353.78,92.29454545454543,-0.004326939804024973,0.29117191919191926
64,0.0035335058941793032,40.86907749757108,350.83,92.62737373737373,-0.009979564506958756,0.29605535353535356
148,0.0029870801360048554,28.091560103021525,347.57,124.32838383838384,-0.005999821524611844,0.3022232323232323
90,0.0032451824740647207,37.73585961915288,351.65,74.63383838383838,-0.005089756224348421,0.2954240404040404
92,0.003183592737014024,35.06051601267581,349.08,122.72080808080807,0.0024090013288257054,0.30159010101010103
60,0.00359877086241885,47.985418030098764,349.02,127.21171717171718,-0.010013848417398795,0.29956424242424246
146,0.00299018141413845,33.03519688910683,350.65,112.27020202020203,0.000919108894083492,0.2995666666666667
92,0.003183592737014024,35.06051601267581,349.08,122.72080808080807,0.0024090013288257054,0.30159010101010103
148,0.0029870801360048554,28.091560103021525,347.57,124.32838383838384,-0.005999821524611844,0.3022232323232323
96,0.0032180982044221133,35.25672956921252,351.56,109.78424242424242,-0.0069017014623167314,0.294980202020202
84,0.0033458323443961617,35.79553466343382,351.08,148.86222222222221,-0.004674354214807865,0.29713737373737376
54,0.003747305758687416,38.997853598729314,345.75,136.18939393939394,-0.009330707145572166,0.30565171717171724
130,0.0030682524065905343,27.013582232791773,346.27,76.13848484848486,-0.007970337715929456,0.3045666666666667
84,0.0033458323443961617,35.79553466343382,351.08,148.86222222222221,-0.004674354214807865,0.29713737373737376
118,0.0030409777402357918,37.37671223372918,353.78,92.29454545454543,-0.004326939804024973,0.29117191919191926
74,0.0034740535025775143,29.607379606973147,347.23,117.47181818181818,0.0035291797602272257,0.306939393939394
92,0.003183592737014024,35.06051601267581,349.08,122.72080808080807,0.0024090013288257054,0.30159010101010103
126,0.0030437554824016173,28.81560185415998,350.28,101.37535353535355,-0.0010463117806169594,0.2993925252525253
140,0.003010980277290542,27.484967187179283,347.08,123.40767676767676,-0.0005252792832985555,0.3050614141414142
130,0.0030682524065905343,27.013582232791773,346.27,76.13848484848486,-0.007970337715929456,0.3045666666666667
98,0.003148273300850006,35.642856820601494,347.83,105.4960606060606,-0.004445219943300778,0.3025763636363637
66,0.0035009627105706716,38.911459908287014,352.7,129.1818181818182,-0.00045212257500383134,0.2952462626262626
68,0.003779481175750849,45.89252133648765,355.26,145.58828282828281,-0.0011719608661585014,0.28912868686868687
52,0.004007879858389246,39.766856572236904,347.63,92.29606060606058,-0.01460318039667121,0.30113151515151515
86,0.0033705631339323097,27.17261973342915,345.16,102.78222222222225,-0.001797811949934862,0.3092543434343435
120,0.0029699541787950017,31.603347981937677,349.25,115.03787878787878,-0.005450341179520858,0.30022323232323234
136,0.002950109069810591,28.74561063608253,350.47,89.52434343434344,-0.0037404342080679886,0.2975474747474748
82,0.003373421014527736,35.52350852943186,346.27,128.96676767676766,-0.006154145934211507,0.3061490909090909
70,0.0034216829568005213,44.610038426035366,355.96,115.53373737373738,-0.006460260698626172,0.2861686868686869
144,0.002944591319725351,24.498182515995786,345.08,93.10464646464645,-0.006283952960457412,0.30798585858585864
114,0.003066659832575494,26.573041119991085,341.18,99.96727272727273,-0.00789664554281809,0.3148678787878788
78,0.00342369579685377,32.30868660957521,347.58,111.2157575757576,-0.006393334548491949,0.30298848484848484
78,0.00342369579685377,32.30868660957521,347.58,111.2157575757576,-0.006393334548491949,0.30298848484848484
122,0.003135927639101515,21.9588796215448,340.86,96.80848484848484,-0.010089934612341141,0.31424626262626265
138,0.003009130890083686,24.64630103797972,342.86,101.17212121212123,-0.01004042637118464,0.31004808080808083
78,0.00342369579685377,32.30868660957521,347.58,111.2157575757576,-0.006393334548491949,0.30298848484848484
80,0.003402296286087455,38.05801808174115,346.26,114.41656565656565,-0.012809527340297647,0.3026969696969697
62,0.0037181637007735894,35.09154460943068,347.76,148.22464646464647,-0.0038960923722550773,0.3027048484848485
56,0.003796257613524805,44.887518085576865,347.21,115.64232323232324,-0.004321344772976557,0.3039533333333333
52,0.003688002373375714,41.099628245730905,348.32,127.65414141414144,-0.008980038733972275,0.3003408080808081
92,0.0032631958024068545,31.03892795606874,347.98,103.67636363636365,-0.0078022044761878045,0.30149676767676764
132,0.0029571730532942267,36.517686205582585,345.81,111.8322222222222,-0.0014641779576464154,0.30765393939393937
118,0.003103406090965616,36.66389331368458,346.77,114.94656565656565,-0.009862360279923757,0.30375959595959595
62,0.00366935504422779,26.461130303882435,343.15,121.9469696969697,-0.011418360879637613,0.3103264646464647
112,0.0030297223815731996,26.995768886402367,342.58,142.5692929292929,-0.01306068684798658,0.31060585858585865
138,0.002978059203766339,27.318103673779923,351.4,112.56565656565657,-0.004516881489308323,0.2969016161616162
82,0.003411907018215835,36.695424304904506,349.13,112.7607070707071,0.0007551493520395956,0.30165555555555557
100,0.0032322489625345417,30.394653652075732,348.25,117.82575757575758,-0.006543858405814003,0.3013616161616162
102,0.003282110222922985,29.492973612192817,348.2,133.7171717171717,-0.00966637369265785,0.3006670707070707
126,0.0031619103484135606,30.812719476753887,350.11,101.95747474747472,-0.01069069327929497,0.29618060606060603
146,0.0029996977051439315,28.914722861493647,350.0,95.03030303030303,0.0011513706919805443,0.300339797979798
132,0.0030565447134516376,23.746424271900644,346.62,103.5713131313131,-0.0044625955607940455,0.30630202020202024
50,0.003799550725138567,35.88843559528466,345.49,157.50494949494947,-0.010442692603865041,0.3057393939393939
96,0.0033231131101815366,37.38904535896223,349.32,117.39151515151518,-0.005843653601274228,0.2998888888888889
78,0.0034859020151506628,38.14144577148244,349.38,106.29858585858587,-0.006487189138385478,0.29928363636363636
60,0.00367195959416329,39.83360683255878,355.49,115.4039393939394,-0.008032811212848578,0.2864208080808081
98,0.0033042901365559272,26.963756282369715,342.42,132.26626262626263,-0.016778711185158002,0.31038787878787877
80,0.003380350604211541,34.43144054122414,347.22,125.08242424242424,-0.015668869865569864,0.3000236363636364
66,0.0035142859646619656,43.100998807320146,353.2,117.85858585858585,-0.010682967093066667,0.2900278787878788
54,0.0036292413677816125,46.25196520845346,351.99,122.83828282828281,-0.006592157950813612,0.2946256565656566
106,0.0032288763893947962,32.37522306311998,351.59,86.36555555555555,-0.0022187732778930283,0.2967771717171718
58,0.0036830800590200424,34.37050508081611,350.3,116.23232323232324,-0.016371444633942304,0.2945519191919192
70,0.0035744955696892424,44.562335959359274,358.61,114.30090909090909,-0.004271807801541007,0.2826064646464647
