Ne,Gametic_equilibrium,new,Mlocus_homozegosity_mean,Mlocus_homozegosity_variance,Fix_index,Emean_exhyt
64,0.0035166370012772903,38.012781945115,174.5,39.24242424242424,-0.022842448570835745,0.2963329292929293
78,0.003418675536517426,52.05057793888713,180.15,60.73484848484848,-0.006091586315684918,0.276389494949495
72,0.003560526134988965,34.536251132101995,171.12,51.460202020202004,-0.011541889571270518,0.3131531313131313
110,0.003155414772159655,35.573623281166135,175.75,42.755050505050505,-0.012685874992136461,0.2944961616161616
146,0.0029480910383373076,28.32505979271403,173.46,57.7660606060606,-0.005724110923517042,0.3031656565656566
96,0.0032049864631131125,34.24344418489782,177.58,51.90262626262626,-0.0063049276356676055,0.2864016161616162
148,0.003032662790617439,25.39207621202496,169.59,56.54737373737374,-0.004689459828335898,0.3205216161616162
94,0.003403692828587705,42.420608466656354,178.62,49.77333333333335,-0.004576470274055165,0.2854084848484848
80,0.003489005548150324,34.29491632995452,174.04,63.14989898989899,0.007381969955247753,0.3065014141414142
74,0.0034580271919052974,30.563762054496234,171.8,68.52525252525253,-0.0037300691849425876,0.31153858585858585
58,0.00373081486736166,56.49075007109223,181.59,42.58777777777778,-0.003086566846844297,0.27356161616161623
62,0.0035711750174193166,44.20083741074862,177.34,45.74181818181819,-0.007844886150512785,0.2876452525252525
96,0.0032049864631131125,34.24344418489782,177.58,51.90262626262626,-0.0063049276356676055,0.2864016161616162
106,0.0030484877974479596,42.496271739850116,175.81,58.70090909090909,-0.003506288594679256,0.29536121212121214
58,0.00373081486736166,56.49075007109223,181.59,42.58777777777778,-0.003086566846844297,0.27356161616161623
114,0.0031568318719888975,32.15466778155836,175.96,51.473131313131304,0.0012857180302872457,0.2966177777777778
102,0.0030991934840434946,25.943410174711428,170.8,48.505050505050505,-0.011233589569094657,0.3129579797979798
120,0.0030467515667572105,30.043573027881674,175.54,56.715555555555554,-0.015482901390609346,0.2951830303030304
86,0.0032200913946063177,35.85718622826643,175.08,42.478383838383834,-0.01338367291542411,0.2952711111111111
78,0.003448686487428438,25.911470579644515,170.41,69.2140404040404,-0.01316326963995932,0.31383838383838386
52,0.0038709635657000426,27.556766414896437,170.27,54.74454545454547,-0.017988411955377374,0.31277010101010105
124,0.0030257698306936543,23.290798293230456,171.61,52.4019191919192,-0.004169417630377026,0.31281535353535356
150,0.0029692068430414143,27.182312428817312,174.03,40.81727272727272,0.001010837123106804,0.3029309090909091
80,0.003489005548150324,34.29491632995452,174.04,63.14989898989899,0.007381969955247753,0.3065014141414142
140,0.002968031877902889,39.70205170534622,177.94,42.98626262626263,-0.0010911914609404159,0.2858561616161616
60,0.0036623532609322902,43.825122562999645,175.45,51.906565656565654,-0.004214875735816366,0.29542585858585857
108,0.003245159225435213,38.38619997821934,179.27,39.14858585858587,-0.000511399231020504,0.2813018181818182
52,0.0038709635657000426,27.556766414896437,170.27,54.74454545454547,-0.017988411955377374,0.31277010101010105
52,0.0038709635657000426,27.556766414896437,170.27,54.74454545454547,-0.017988411955377374,0.31277010101010105
64,0.0035166370012772903,38.012781945115,174.5,39.24242424242424,-0.022842448570835745,0.2963329292929293
80,0.003489005548150324,34.29491632995452,174.04,63.14989898989899,0.007381969955247753,0.3065014141414142
58,0.00373081486736166,56.49075007109223,181.59,42.58777777777778,-0.003086566846844297,0.27356161616161623
62,0.0035711750174193166,44.20083741074862,177.34,45.74181818181819,-0.007844886150512785,0.2876452525252525
98,0.0031239095210387675,38.86076346312618,175.78,48.92080808080808,-0.008788263319269376,0.2952917171717172
142,0.0031313997868727818,23.23562763872907,172.25,46.33080808080808,-0.01480434427199,0.30725535353535355
60,0.0036623532609322902,43.825122562999645,175.45,51.906565656565654,-0.004214875735816366,0.29542585858585857
70,0.003526814724059534,43.33275129927278,177.33,57.45565656565657,-0.012146446425629212,0.28723757575757575
96,0.0032049864631131125,34.24344418489782,177.58,51.90262626262626,-0.0063049276356676055,0.2864016161616162
132,0.003065247888117875,24.14164006431663,171.75,56.39141414141414,-0.0074684037701108945,0.31081050505050506
118,0.0031429048148407094,49.060764467979574,177.72,53.09252525252525,-0.012785684160446592,0.28585898989898995
92,0.0034207591749951336,30.96947841408623,172.6,54.50505050505051,0.009996570455793137,0.3135147474747475
52,0.0038709635657000426,27.556766414896437,170.27,54.74454545454547,-0.017988411955377374,0.31277010101010105
148,0.003032662790617439,25.39207621202496,169.59,56.54737373737374,-0.004689459828335898,0.3205216161616162
78,0.003418675536517426,52.05057793888713,180.15,60.73484848484848,-0.006091586315684918,0.276389494949495
100,0.0031935954643116118,34.15281467425508,176.15,38.977272727272734,-0.007281558828270225,0.29314262626262627
140,0.002968031877902889,39.70205170534622,177.94,42.98626262626263,-0.0010911914609404159,0.2858561616161616
112,0.003171390501074698,34.877811228507866,173.97,47.60515151515151,0.002604740031236594,0.30365212121212126
122,0.0030080101172658314,21.931165100009846,170.68,51.49252525252525,-0.008720199711855487,0.3137753535353535
134,0.0030655707141847917,30.76460401005837,173.71,53.803939393939395,-0.009523856146834092,0.3020690909090909
136,0.0029626220766193158,31.159285370924483,171.77,43.431414141414145,-0.009930948557974151,0.3100517171717172
86,0.003438841005868765,28.92492177621198,173.12,53.01575757575757,0.0030756773564968236,0.3085834343434344
128,0.0031565021301756127,26.89970340569349,174.23,49.12838383838383,0.0018797150025135422,0.30225818181818187
108,0.003131347858314419,20.793911515552452,170.68,62.300606060606064,-0.0013050422078539228,0.3164787878787879
136,0.0029626220766193158,31.159285370924483,171.77,43.431414141414145,-0.009930948557974151,0.3100517171717172
132,0.0030083194582969943,28.921663268564846,174.5,51.82828282828283,-0.0013018372340213435,0.30275151515151516
94,0.003239182732581654,22.405616227872034,172.14,54.12161616161615,0.0003562857142251423,0.3109995959595959
148,0.003032662790617439,25.39207621202496,169.59,56.54737373737374,-0.004689459828335898,0.3205216161616162
136,0.003026406657083516,25.93764145877688,172.06,48.80444444444446,-0.0107617275211017,0.3086117171717172
134,0.0030655707141847917,30.76460401005837,173.71,53.803939393939395,-0.009523856146834092,0.3020690909090909
90,0.003294985217328317,39.26050864087089,176.92,49.710707070707066,0.0028767940885810164,0.293610101010101
78,0.003448686487428438,25.911470579644515,170.41,69.2140404040404,-0.01316326963995932,0.31383838383838386
120,0.0030654805483810014,31.54457959399085,174.16,50.47919191919191,-0.009902483667692866,0.29949292929292937
104,0.0032344368623420027,46.12687706298521,176.01,48.151414141414136,-0.001852525475521829,0.29548242424242427
64,0.0035166370012772903,38.012781945115,174.5,39.24242424242424,-0.022842448570835745,0.2963329292929293
50,0.0038571588913329474,37.715398996150675,173.52,71.52484848484849,-0.01134681905797857,0.3005624242424243
136,0.003010009987473137,24.83771735726181,172.21,62.207979797979796,0.006417702970904346,0.31255353535353536
128,0.003104637887470463,26.771866089214143,173.96,65.61454545454545,-0.002039299356231715,0.3032452525252526
142,0.002975049824464404,33.47364844142729,173.95,55.42171717171717,-0.010742408510677467,0.30157575757575755
108,0.0031580065829038113,23.79903859244946,172.93,61.07585858585859,-0.0033261568557820045,0.30685535353535354
134,0.0030004414071728375,21.50401831692779,172.52,48.71676767676769,-0.0058067568953257065,0.3088783838383838
142,0.003050190610360787,28.234963467070198,174.46,48.06909090909092,0.004534425142838976,0.30348444444444445
76,0.003453090110349844,28.526518999254257,172.31,56.4180808080808,-0.002963769272118735,0.3089127272727273
124,0.0029893830222691787,22.086254993520303,168.44,46.79434343434344,-0.0097636836247906,0.3229345454545455
72,0.003302047305367091,33.09620348877149,174.24,45.8812121212121,-0.014628406095289764,0.29873777777777777
136,0.0030506956332294476,27.90253297946431,174.06,51.32969696969698,-0.005216283361666392,0.30214060606060605
116,0.0032105144158197717,23.411063390462765,175.09,54.78979797979798,0.0006695889992541932,0.2993357575757576
60,0.0037010209970094413,50.1893586374128,178.47,62.33242424242423,-0.010486979366224,0.2832565656565656
62,0.0036486710442422865,43.217089895225484,174.29,59.19787878787877,0.0007303157479837554,0.30328242424242435
140,0.002935165195561205,30.363190210849805,176.21,47.56151515151516,-0.007971557187679992,0.29310464646464646
114,0.0030678093946337375,32.26602942747275,175.56,46.16808080808081,0.00193862919727492,0.30059111111111103
56,0.003778036992587362,34.81148942594598,171.44,53.03676767676768,-0.012058858741620927,0.31039757575757576
122,0.003154999883741069,25.73142082665982,175.11,50.64434343434344,0.0046526598872891805,0.3005280808080808
60,0.0037010209970094413,50.1893586374128,178.47,62.33242424242423,-0.010486979366224,0.2832565656565656
114,0.0030477079868305437,24.658301549603745,174.13,34.861717171717174,-0.008573625127185458,0.29969050505050504
72,0.003530242855481325,25.69549879953433,169.68,62.522828282828286,-0.012932898891546345,0.3164137373737374
82,0.003270649383207707,36.84689153087287,173.55,53.68434343434343,-0.009844131248826115,0.3027612121212121
132,0.003054834331570211,26.32713610680168,175.15,51.66414141414141,0.0043226613016579115,0.29968000000000006
52,0.003897818126900308,21.593677470333354,170.92,70.37737373737374,-0.004189224914508131,0.31498585858585865
124,0.0030218738252096805,30.14114894747543,175.43,52.6920202020202,0.004261584254146324,0.29914101010101013
78,0.0034208527566929035,35.1042938149803,172.66,74.6711111111111,-0.003462657702836234,0.309289696969697
114,0.0030477079868305437,24.658301549603745,174.13,34.861717171717174,-0.008573625127185458,0.29969050505050504
50,0.003870663120831467,44.17490395367149,175.33,66.46575757575758,-0.0054659336672565695,0.29602868686868694
66,0.0035733097982895874,35.82259124297714,175.05,46.755050505050505,-0.009404529599097567,0.29635272727272727
140,0.00298928918005083,35.94933562962065,175.78,59.183434343434335,-0.0008097659212449253,0.2957006060606061
110,0.003105387796931479,28.40201683819612,170.43,51.722323232323234,-0.00010691591033123071,0.3178816161616162
146,0.0030905042598522157,16.820205393196677,169.62,46.37939393939394,0.004677864620863367,0.32255555555555554
68,0.0034665021713230306,63.48247979183174,176.87,52.05363636363636,-0.010895921065483812,0.28949454545454545
124,0.003076628080235719,28.84958256427766,178.49,52.93929292929295,0.004151458788370267,0.28882141414141416
114,0.003297565169366601,21.876275533186174,172.54,45.584242424242426,-0.0113246154306565,0.3065341414141415
62,0.003609831320866326,31.104723307964345,168.92,46.215757575757564,-0.020970384795195515,0.31568202020202024
